0
13
0
0
0
0
210
0
197
0
0
0
0
0
35
35
0
1
1
0
0
1
9
196
0
0
0
0
0
0
13
0
0
0
13
5
197
2
0
170
0
0
0
0
0
0
42
0
0
33
0
0
0
0
30
210
202
14
5
208
211
0
0
0
7
0
0
35
2
8
197
1
5
0
0
0
0
0
1
41
0
2
0
0
40
2
1
0
197
0
0
196
14
0
0
0
0
0
0
1
0
0
0
0
0
0
0
203
203
45
0
209
8
0
0
0
34
0
203
0
202
0
0
0
0
0
0
0
0
1
170
5
0
9
4
0
0
5
11
197
0
7
11
41
0
0
0
0
3
0
2
0
0
0
9
0
0
2
197
0
0
8
171
0
0
196
0
210
5
0
0
0
0
2
8
197
0
0
53
0
0
0
0
0
0
2
0
0
50
202
0
0
203
0
9
2
1
0
3
211
211
0
0
0
1
0
0
0
0
0
37
0
0
0
0
0
0
0
2
29
0
0
5
0
208
0
1
0
1
0
170
2
212
0
0
0
0
0
0
1
0
3
28
0
53
0
0
171
0
0
2
29
0
0
0
0
13
202
0
35
0
0
0
0
0
0
0
0
0
0
0
0
0
0
0
0
197
45
40
2
0
196
0
0
30
0
2
0
40
169
0
1
0
0
0
2
0
6
0
11
0
0
0
50
0
0
0
212
0
0
1
2
6
0
0
0
0
0
0
0
7
7
0
0
0
0
1
9
0
0
208
0
0
0
0
0
0
42
3
34
0
0
0
213
0
0
0
208
42
0
204
3
0
0
0
0
0
0
0
203
0
0
210
0
0
0
0
0
1
0
0
5
0
0
0
0
169
7
7
1
5
0
0
0
0
5
209
0
1
0
0
11
202
0
209
0
0
0
2
0
53
34
171
0
45
197
0
0
41
0
0
26
0
2
0
0
0
13
0
197
43
209
0
0
10
9
0
9
1
0
3
173
6
0
10
9
5
0
13
0
41
0
0
4
0
0
54
0
0
0
9
0
35
0
0
0
0
0
208
196
0
0
0
41
27
203
6
2
2
0
0
6
0
196
209
0
0
0
0
1
4
8
0
211
0
196
0
0
0
196
171
1
0
4
54
0
0
196
3
0
197
0
0
4
41
1
0
4
209
3
0
0
0
0
33
0
0
7
0
0
0
0
204
3
0
42
202
0
0
203
0
10
173
0
0
1
0
0
0
210
0
5
0
28
0
0
0
53
0
202
3
0
0
42
0
1
0
2
0
0
0
0
43
1
0
196
1
0
7
210
3
0
0
0
0
0
0
36
1
0
1
0
0
0
0
2
0
0
53
0
0
2
0
1
1
9
10
43
0
2
0
0
35
210
0
9
0
1
2
0
1
0
0
0
0
0
40
0
0
8
209
2
2
0
174
0
41
0
0
209
0
1
4
0
3
45
0
0
0
168
0
6
0
0
0
2
1
11
0
0
7
0
0
0
0
41
0
0
171
0
41
202
0
0
0
0
0
211
0
0
0
0
8
4
42
0
0
211
0
26
0
6
0
3
0
0
0
0
0
0
43
202
0
1
40
0
47
0
9
5
0
0
0
0
2
0
0
0
0
45
0
197
0
0
8
195
0
0
30
0
0
35
0
169
209
42
0
0
0
0
10
0
0
0
1
27
212
0
0
0
197
53
54
0
45
5
0
196
0
1
0
0
171
0
35
168
0
0
0
0
0
0
172
0
0
0
0
210
13
0
0
0
0
42
0
1
0
0
0
0
38
172
0
0
0
0
0
0
0
0
0
2
1
0
0
1
0
3
174
0
0
2
0
7
196
43
6
0
0
28
0
0
210
35
210
0
3
0
41
0
197
0
0
0
0
0
0
0
6
0
212
0
174
7
0
6
1
1
0
40
10
0
0
0
5
0
11
0
0
0
0
202
0
0
0
0
3
11
50
40
2
0
0
0
0
0
0
0
9
35
172
0
35
9
1
3
170
0
0
2
0
0
0
204
170
34
211
0
3
2
2
1
40
0
1
3
9
0
0
7
0
210
214
0
0
40
0
9
0
0
208
2
0
2
0
45
0
0
202
0
1
0
1
2
0
53
0
210
4
0
171
0
0
6
2
5
0
3
0
0
2
0
0
0
171
10
211
0
34
0
0
0
5
35
0
3
0
0
0
0
0
0
3
0
2
0
7
172
0
0
0
0
0
0
0
33
0
0
0
0
169
0
0
1
0
5
1
1
53
0
0
0
0
5
0
0
211
0
0
0
