38
6
199
0
1
0
0
0
0
0
0
0
0
227
0
0
0
0
0
228
0
1
0
0
0
0
228
0
0
0
0
0
0
10
4
0
49
0
29
0
0
0
0
0
0
45
0
0
0
200
0
0
2
1
0
6
55
44
8
0
38
11
0
191
0
0
0
0
0
0
0
1
0
0
189
0
0
3
6
35
0
1
0
0
9
2
0
8
0
1
0
0
8
0
0
0
0
0
0
0
0
15
0
0
0
227
0
0
30
0
1
0
192
0
36
203
2
14
0
0
0
191
191
0
0
40
9
189
0
0
0
0
0
0
0
0
0
228
0
55
0
0
0
0
0
0
0
228
13
0
4
0
0
0
0
0
178
0
228
1
179
1
2
1
0
0
0
0
0
0
228
4
190
226
41
180
192
0
0
0
3
0
7
1
2
44
1
0
0
0
0
8
11
228
8
0
0
0
0
0
191
1
0
0
7
0
39
0
0
4
0
0
5
5
0
0
0
32
37
0
0
44
190
0
11
29
40
0
35
38
32
1
43
191
1
0
227
0
8
0
0
38
0
44
36
192
0
41
0
0
2
1
50
0
0
0
0
5
0
1
1
0
1
0
0
0
0
0
0
50
43
0
0
0
0
4
6
0
36
228
0
36
1
0
7
36
0
7
0
0
0
0
0
0
0
0
0
3
0
0
2
1
0
43
0
0
0
0
32
0
3
0
1
36
178
178
0
199
0
0
0
190
0
0
1
178
0
0
0
0
0
0
8
40
201
0
0
0
0
2
0
2
0
0
2
179
0
0
1
0
192
0
0
2
5
0
203
0
8
0
15
0
191
178
43
0
1
200
0
0
228
2
0
38
202
0
189
0
228
0
0
0
29
0
0
0
8
0
2
12
0
0
0
3
3
0
0
32
2
0
0
0
0
7
193
0
0
29
1
0
180
0
1
2
0
0
0
228
0
0
2
6
0
6
0
192
202
0
1
10
2
0
0
0
8
0
227
0
0
1
0
0
0
0
0
0
0
39
228
0
38
1
0
0
36
0
7
2
199
44
0
36
0
0
202
6
36
8
0
9
0
45
50
0
228
0
3
0
192
0
7
0
1
0
0
0
0
0
0
0
1
0
0
1
1
1
44
0
4
0
191
0
178
0
0
0
0
0
0
0
0
191
3
0
32
41
7
6
0
0
6
3
43
0
1
3
0
0
0
2
0
190
0
0
0
0
0
228
9
1
0
2
10
0
0
0
36
0
0
0
0
0
179
0
0
0
1
0
0
0
38
37
2
0
0
0
200
0
0
2
0
0
0
0
0
0
0
0
0
0
0
11
0
45
0
0
0
0
1
0
0
32
0
0
0
44
192
0
0
0
0
0
190
179
49
0
2
190
41
1
1
1
43
8
2
200
0
0
0
191
0
29
0
0
40
0
50
0
0
228
0
0
0
0
0
50
0
0
0
190
0
180
0
0
0
0
0
0
2
0
0
35
0
0
0
0
0
41
2
0
0
2
0
0
0
0
1
0
14
0
0
32
8
0
0
0
0
0
0
1
32
0
0
12
192
9
0
0
0
43
0
0
202
0
1
0
2
0
0
45
0
0
2
7
0
0
0
0
0
0
0
228
6
0
0
0
0
0
0
0
179
0
0
0
0
9
0
0
0
0
0
43
0
0
2
1
0
0
0
0
7
0
0
0
0
0
0
0
0
0
0
41
36
227
0
200
0
0
10
0
0
0
0
3
0
0
6
45
0
0
0
0
0
2
0
40
0
0
0
0
35
2
0
1
41
0
0
0
40
38
6
2
0
0
190
0
200
0
40
0
1
0
11
0
0
0
192
0
0
6
2
4
37
1
44
0
2
189
0
0
0
1
192
7
37
43
0
190
50
44
192
0
0
0
0
0
0
0
0
0
2
0
8
1
32
6
30
43
0
0
0
0
0
0
0
0
45
0
193
0
0
0
4
1
200
6
8
0
0
0
0
0
8
0
0
0
0
45
37
0
5
0
0
1
1
0
0
0
0
4
10
0
2
0
0
0
1
2
1
0
0
0
12
0
0
0
0
0
0
189
3
0
192
0
0
0
0
5
45
192
4
0
40
191
194
7
49
192
0
178
2
41
7
0
0
8
8
0
0
0
0
32
1
37
0
0
0
179
2
40
1
40
0
0
0
0
0
191
1
191
0
190
0
0
0
6
32
0
0
8
203
10
0
0
0
0
0
0
0
14
0
11
0
0
0
0
33
3
1
0
15
10
38
0
0
0
0
0
0
0
