9
52
0
45
0
0
0
0
187
190
1
0
37
0
0
0
0
38
1
0
37
2
0
0
3
7
34
0
0
0
0
26
7
1
9
189
1
0
0
0
0
232
37
0
3
0
0
0
0
8
0
0
45
0
3
187
0
0
0
0
2
0
0
0
0
53
7
0
52
191
1
4
0
0
37
0
7
2
40
0
209
234
0
0
0
0
0
0
0
7
2
232
1
174
1
8
207
37
0
0
0
33
7
0
0
0
0
0
37
0
1
0
1
0
2
10
0
0
0
0
7
206
0
1
0
0
40
0
207
172
0
0
0
10
0
0
0
174
0
207
37
0
0
0
0
1
205
192
2
1
1
237
6
41
9
0
0
1
0
0
0
3
186
0
0
0
0
204
0
7
40
0
0
33
191
0
0
37
0
8
1
31
0
0
0
10
0
0
6
187
234
0
0
0
206
0
9
41
0
187
2
0
0
0
2
6
0
0
0
0
237
35
191
41
45
0
0
0
37
0
0
0
1
1
3
0
48
1
0
0
173
0
31
206
0
0
0
26
40
0
4
0
0
6
0
0
0
7
7
0
0
0
0
0
1
232
2
232
0
0
33
33
0
0
26
0
1
3
48
0
234
0
0
10
0
0
0
0
235
0
0
0
0
47
10
191
0
8
0
0
189
26
0
0
0
0
0
0
45
0
0
0
0
2
0
172
0
2
0
0
10
0
0
9
192
0
0
40
0
0
53
51
232
33
191
0
0
0
0
0
6
35
174
42
0
0
0
191
0
0
0
0
0
0
0
1
0
0
206
8
187
204
53
11
0
0
190
11
7
48
0
1
0
4
0
2
0
52
28
232
233
0
0
191
0
172
0
50
2
9
0
7
0
0
205
0
0
0
0
0
2
208
0
40
48
8
0
0
0
0
1
52
0
1
28
0
0
3
0
0
187
0
7
0
0
0
40
6
0
0
0
5
1
0
174
0
0
0
3
0
0
0
0
187
0
28
0
0
0
0
0
0
0
0
0
0
191
0
0
0
0
0
9
0
187
0
28
6
7
0
0
0
206
0
0
0
206
0
7
35
0
1
10
0
35
233
3
0
0
1
2
0
236
0
234
0
10
2
0
45
0
0
1
0
0
1
0
0
0
0
0
0
187
186
1
0
0
0
0
0
0
0
0
0
0
4
42
9
0
0
0
0
1
0
14
0
0
0
0
8
9
1
0
0
7
0
45
0
2
0
0
0
3
12
1
0
0
0
0
1
2
0
186
41
186
0
208
0
0
0
4
0
0
0
0
0
209
0
173
0
0
30
0
0
0
40
1
37
0
1
0
0
37
0
0
0
0
0
187
0
0
0
40
189
0
0
0
0
204
0
2
0
0
0
7
0
0
0
0
2
0
0
7
0
0
0
0
0
0
187
6
2
7
0
0
2
9
0
0
11
8
2
1
0
0
0
0
1
0
187
0
0
0
0
231
0
174
0
0
42
8
0
36
4
0
187
0
0
10
0
0
0
0
0
1
0
0
0
2
0
0
0
0
0
0
0
0
0
53
231
0
173
0
0
0
9
9
0
234
172
0
0
0
0
173
4
0
0
0
0
0
0
0
0
1
42
1
0
9
191
35
0
7
0
207
0
2
0
0
0
233
7
0
37
0
10
37
0
0
13
37
2
8
0
0
0
53
2
0
0
33
49
35
0
0
0
9
0
0
192
0
9
0
0
0
1
0
41
0
4
0
0
47
0
1
0
187
0
5
0
0
0
2
0
2
0
206
0
0
0
0
0
0
0
0
10
186
37
0
42
0
31
173
0
0
0
2
3
0
0
0
0
41
0
0
0
1
0
0
0
0
0
0
42
0
4
0
174
4
1
234
1
187
0
0
2
0
0
0
0
0
6
0
1
9
0
0
0
4
0
0
187
0
37
3
1
0
0
0
0
0
0
28
5
0
0
0
0
0
0
0
233
0
0
34
191
36
0
0
0
40
7
9
0
174
0
41
0
0
37
1
0
45
1
10
0
0
0
0
0
0
0
232
0
0
1
1
0
0
7
0
0
40
0
0
0
172
0
0
0
0
1
0
9
0
0
53
0
0
6
173
41
0
3
0
0
41
0
0
233
0
206
0
0
0
0
3
0
0
0
0
0
0
9
0
0
7
0
0
208
0
1
35
2
0
0
52
0
0
0
0
0
9
40
40
6
0
0
0
233
0
188
0
0
1
8
0
15
13
0
1
0
0
31
0
0
33
7
2
0
0
13
48
191
0
0
5
0
0
0
