39
0
0
29
9
0
4
0
0
1
5
0
48
0
213
0
0
0
6
0
0
0
171
0
210
0
209
0
0
29
0
0
0
0
36
0
5
0
6
0
2
0
0
43
35
211
5
0
0
0
11
0
1
36
0
0
205
0
0
2
11
0
9
0
0
37
0
0
29
0
0
0
1
4
0
42
0
15
0
0
0
6
0
0
1
0
0
0
6
0
2
0
0
0
0
46
1
0
0
0
0
0
0
0
203
205
1
52
36
0
0
0
207
0
0
0
3
172
205
4
0
1
0
198
0
0
197
10
203
3
0
0
0
0
0
0
197
0
0
0
0
0
5
6
0
36
0
0
0
0
0
0
0
0
205
172
0
43
0
0
0
5
0
0
0
0
4
0
0
0
2
0
0
0
197
0
0
0
0
0
0
0
1
0
11
0
0
7
2
0
0
171
0
51
6
0
0
0
4
0
210
29
0
0
0
0
3
4
0
194
0
7
46
0
0
8
0
0
1
0
36
1
205
42
0
0
7
5
0
51
0
0
14
194
0
0
47
0
0
6
212
206
43
0
209
0
2
0
0
10
0
47
0
0
210
7
41
5
0
0
0
1
1
2
0
44
196
213
0
36
0
0
32
41
0
0
0
0
212
0
0
0
3
0
0
2
0
0
0
0
0
0
1
0
0
0
0
206
172
194
0
7
194
0
0
0
34
8
42
172
0
43
0
0
196
0
0
0
0
0
0
6
0
209
210
41
0
211
0
0
2
10
0
0
0
0
10
0
29
0
28
0
0
4
0
0
0
0
0
0
0
1
0
0
0
210
0
0
0
0
0
1
9
0
210
193
0
0
9
0
205
0
47
0
0
0
0
40
43
207
0
194
0
0
0
0
0
1
171
0
0
0
0
0
0
205
0
8
0
0
0
0
9
172
0
0
212
45
7
0
194
210
0
36
1
0
7
0
48
0
0
0
0
0
0
11
0
0
0
0
0
0
0
47
170
0
171
2
198
0
0
1
13
0
1
0
0
0
0
0
0
0
1
0
211
1
0
31
0
0
0
0
48
209
0
36
2
0
212
29
0
4
0
0
0
0
0
2
0
4
0
2
0
6
2
0
0
0
0
3
0
1
29
210
0
0
0
0
207
6
1
4
0
0
0
3
0
9
52
0
0
0
209
1
0
3
32
0
0
0
0
0
1
43
9
15
0
0
206
0
0
0
0
0
9
0
2
1
0
0
32
43
0
0
1
0
0
0
0
0
196
0
0
0
0
1
0
0
0
0
0
171
3
0
0
1
0
0
0
0
0
0
11
0
0
0
0
0
0
0
0
210
0
0
0
0
0
0
0
2
0
0
209
0
0
170
0
0
208
0
0
0
0
0
0
0
0
1
210
0
0
172
3
8
1
51
0
0
1
1
0
0
205
0
0
2
0
0
170
0
7
0
1
0
0
0
170
1
0
0
3
205
0
11
0
0
172
193
1
43
0
1
0
51
0
0
8
9
0
0
12
0
0
210
171
0
0
0
0
52
0
0
0
1
0
1
13
7
0
0
0
0
0
0
0
209
0
48
1
0
4
11
0
43
1
171
0
0
0
194
207
39
0
0
0
204
5
0
171
0
0
0
208
2
35
36
0
0
0
0
195
0
0
0
1
0
0
0
0
3
194
0
0
0
0
36
36
0
0
0
3
6
0
0
0
170
11
0
0
0
0
0
194
0
0
27
0
212
0
195
0
0
0
47
0
0
1
0
1
48
10
194
0
0
0
0
0
0
1
0
194
0
29
0
0
0
0
0
0
2
0
0
0
0
2
0
0
4
0
9
0
10
0
0
0
32
0
0
0
2
0
2
0
27
0
0
0
0
0
0
11
0
212
0
0
0
0
0
0
1
0
48
0
171
0
42
0
0
207
9
0
48
0
2
42
0
11
213
0
0
1
0
8
1
0
209
0
0
10
10
0
0
0
0
0
0
0
0
0
5
0
28
1
3
4
1
8
0
1
7
2
0
0
0
0
0
0
194
1
0
10
48
1
1
0
204
52
172
2
0
0
0
0
0
0
0
0
209
172
41
1
213
7
0
0
0
0
45
0
0
36
34
9
0
0
2
5
48
205
0
0
2
0
37
37
0
4
4
0
1
0
1
1
49
0
0
0
0
0
16
5
0
3
0
0
0
0
10
0
0
0
0
0
1
0
0
11
193
1
0
9
47
0
0
0
2
0
1
0
0
2
0
0
6
0
0
0
1
4
0
8
0
0
0
0
0
9
0
0
0
