0
0
1
1
1
0
0
196
3
205
0
0
35
0
0
0
8
42
0
6
0
194
0
0
0
0
0
37
0
1
4
0
0
0
206
194
0
0
4
194
5
0
0
0
0
0
0
213
3
2
181
0
0
0
0
38
9
0
2
0
35
0
7
0
0
0
0
0
10
0
37
0
0
0
0
36
213
0
0
8
2
0
0
0
0
9
33
6
0
0
0
0
0
1
206
38
194
1
9
206
8
0
0
206
0
0
0
0
0
3
4
5
0
211
0
0
8
39
0
0
0
0
0
0
0
38
3
7
0
0
30
3
0
1
0
0
183
0
0
2
206
0
0
0
0
0
37
0
0
9
0
1
0
213
0
2
7
0
0
0
0
2
0
197
0
213
0
0
0
0
0
1
0
0
0
1
0
0
0
1
1
8
0
2
0
0
0
0
44
0
0
0
0
10
0
0
0
0
0
0
0
1
0
0
206
7
1
3
0
45
0
0
0
194
0
213
0
212
41
6
9
40
0
4
35
0
0
0
0
0
42
0
3
0
206
46
0
0
0
3
0
0
0
0
0
0
0
0
196
7
0
0
0
40
0
0
2
0
3
7
0
3
4
0
0
0
0
0
7
0
0
9
0
0
0
0
1
0
0
0
1
0
37
0
37
0
212
0
5
1
214
0
0
195
0
40
0
0
7
0
0
183
0
0
0
0
0
0
1
0
36
0
0
0
0
0
10
0
1
0
0
0
0
37
0
2
13
0
0
0
0
12
0
0
39
0
51
0
39
194
0
0
0
194
1
42
0
0
7
2
0
0
0
0
37
196
37
0
0
0
0
0
9
205
0
196
1
0
10
7
206
0
45
2
181
0
44
0
5
0
0
5
40
0
183
0
0
11
2
12
11
0
0
0
0
0
0
197
45
0
0
8
0
0
2
0
0
40
206
0
40
0
0
3
0
1
194
0
0
196
33
0
2
0
197
12
0
1
47
0
1
196
213
31
183
0
0
37
0
0
0
1
0
0
0
206
0
0
0
0
43
0
0
0
8
0
0
0
44
0
0
32
0
30
0
3
39
6
0
0
0
0
2
0
0
0
8
0
41
0
214
0
0
183
0
11
1
0
0
0
2
9
2
0
0
0
0
196
45
197
0
0
1
0
0
0
0
0
2
0
10
45
0
0
197
39
0
0
7
0
0
1
4
0
2
0
0
44
0
7
0
0
212
0
2
0
0
0
0
0
37
39
0
1
183
0
0
0
183
213
1
1
1
0
0
0
0
0
0
0
0
1
3
0
0
39
0
0
45
0
0
2
0
8
0
0
0
0
0
0
0
0
0
1
3
1
0
0
0
182
182
214
184
0
194
2
0
0
0
0
7
40
0
1
0
9
1
0
0
0
6
45
0
8
0
0
0
1
30
206
0
0
4
42
2
197
0
3
0
2
0
42
39
206
38
45
4
0
0
2
7
0
0
205
0
0
2
210
1
0
0
0
0
13
183
0
183
196
2
0
0
6
42
0
0
6
1
0
0
0
0
194
0
0
206
40
184
2
0
0
0
10
0
0
0
1
0
0
0
0
0
196
0
35
0
39
0
0
0
0
0
0
7
0
40
2
0
0
0
0
0
39
0
2
0
9
2
197
0
0
0
0
2
40
0
0
41
0
8
0
213
41
8
7
0
0
0
0
0
8
0
1
0
0
9
8
0
0
0
0
40
206
211
0
0
0
0
0
1
0
38
45
0
44
37
197
0
0
33
0
0
0
0
0
0
0
42
2
1
3
1
0
0
0
0
0
0
197
0
9
0
0
1
31
1
0
181
0
0
0
0
0
0
1
0
0
210
0
1
0
37
210
0
195
0
3
1
0
0
0
42
0
0
2
2
9
196
196
1
0
181
0
0
0
0
1
0
0
0
1
32
7
0
0
36
0
42
195
0
0
0
0
0
0
11
0
0
0
0
7
196
40
182
41
0
0
0
0
40
0
0
213
2
0
0
39
183
0
36
0
36
0
0
0
10
0
44
2
195
6
0
194
0
7
0
0
214
0
2
2
0
1
205
8
0
42
0
0
0
0
0
0
184
0
194
214
0
1
0
0
0
0
196
0
0
0
0
1
0
40
0
0
0
2
0
0
0
0
0
183
0
0
0
1
1
0
196
8
0
0
0
210
0
45
0
52
39
40
10
0
33
3
0
0
206
0
194
0
0
0
0
8
10
0
0
196
0
0
10
0
0
39
0
0
2
210
0
4
8
3
0
0
2
0
7
196
0
0
40
0
