36
0
7
0
0
0
1
0
0
1
52
32
1
0
178
2
0
197
8
32
2
0
0
0
0
0
195
7
0
0
0
0
202
219
48
195
10
7
0
0
0
0
205
0
176
0
0
0
0
0
0
177
0
0
0
0
0
38
10
197
0
0
0
48
0
0
203
0
42
0
0
0
1
1
0
1
194
200
0
11
0
0
1
204
0
1
42
0
0
2
38
30
0
221
0
0
0
28
0
0
2
0
1
0
44
41
2
1
221
0
32
0
12
3
0
195
0
32
48
10
0
0
197
0
0
0
2
2
0
0
0
179
0
0
0
0
0
1
10
0
1
0
1
0
0
0
1
0
203
0
0
0
0
0
38
2
197
0
0
30
0
0
0
0
0
0
203
42
0
0
36
0
0
0
0
0
0
0
0
221
0
5
0
197
0
0
0
9
42
36
0
0
2
0
1
0
0
0
0
0
34
40
0
221
0
44
6
0
43
0
0
39
0
0
178
0
0
0
38
12
195
0
6
197
1
0
41
0
220
39
0
178
0
7
0
0
1
0
0
9
1
36
0
5
48
0
197
0
203
9
2
0
1
2
0
28
41
0
5
53
50
30
9
175
6
195
0
0
6
0
0
6
17
0
0
220
41
10
0
45
0
0
195
4
174
0
197
0
44
0
2
0
0
203
0
0
0
1
0
41
0
0
0
0
0
0
1
0
0
10
1
194
0
0
44
6
0
0
0
0
0
0
0
0
1
0
0
43
203
0
0
0
0
0
2
197
0
0
18
0
0
0
12
0
0
9
1
12
0
0
0
1
42
7
0
0
0
0
38
1
201
0
4
0
0
5
0
0
0
4
0
0
0
0
8
0
0
0
0
0
0
0
0
204
0
0
194
0
223
0
0
0
0
197
197
0
195
0
7
203
1
0
0
1
0
0
3
0
0
0
0
0
1
10
219
0
0
0
0
0
38
0
0
10
0
0
0
223
174
220
3
39
0
0
176
0
0
1
1
4
0
0
0
0
0
41
204
1
38
0
4
29
1
0
0
0
0
2
0
28
195
0
6
0
0
0
0
12
0
0
0
38
44
0
47
203
10
0
0
0
1
0
0
175
0
176
0
42
0
0
0
0
9
0
0
0
4
42
221
0
39
0
0
3
1
0
0
36
0
0
0
0
0
28
0
7
0
0
0
0
0
45
0
0
0
0
0
0
0
0
0
0
0
0
40
0
48
0
8
0
203
0
0
0
0
0
0
0
0
11
0
0
0
36
0
0
0
4
204
48
8
174
0
0
0
0
0
0
222
0
52
0
0
0
0
0
41
203
1
28
0
0
0
1
0
0
29
0
0
0
5
0
0
0
0
0
0
0
3
0
0
9
0
38
40
0
0
2
6
201
0
0
43
0
0
0
0
0
0
9
1
0
1
0
174
0
0
0
0
1
47
7
0
0
8
0
0
50
0
0
197
0
0
1
30
0
2
40
0
1
1
201
0
0
33
0
0
3
0
0
10
6
7
0
197
36
0
9
0
6
48
0
0
0
0
4
0
36
0
41
6
9
0
0
0
197
0
11
203
0
0
0
1
0
0
0
0
197
38
1
0
9
0
0
0
2
6
50
0
0
3
41
0
0
221
0
0
0
33
0
1
197
0
0
0
0
48
0
12
1
0
0
0
0
0
201
0
0
0
0
194
0
0
6
0
0
0
38
37
194
0
0
0
1
1
0
0
0
0
195
0
10
3
0
11
202
178
0
41
0
0
0
0
9
0
0
197
1
38
0
2
1
10
0
0
31
194
0
0
0
1
39
0
0
0
1
0
0
0
0
0
203
40
2
0
0
0
0
0
9
176
1
0
1
9
0
0
0
0
0
0
8
2
0
0
1
1
9
0
0
0
0
0
0
0
38
197
0
6
0
0
2
0
0
29
0
197
0
221
0
0
40
5
1
0
0
0
48
0
0
44
0
0
194
0
40
0
204
194
48
0
0
38
1
0
45
8
0
38
28
0
0
2
0
0
1
2
0
202
0
50
0
0
0
47
0
204
30
1
174
8
0
1
0
38
51
0
0
0
0
53
0
0
0
0
2
0
2
43
0
6
0
0
0
0
0
0
1
0
2
0
0
1
4
0
0
0
0
0
38
0
176
0
1
0
0
0
0
0
0
0
203
177
195
0
223
0
0
0
0
30
0
0
0
37
0
197
53
1
1
0
2
0
42
1
3
41
0
1
1
2
38
223
0
175
0
0
197
0
0
0
0
0
1
0
0
3
36
0
6
