0
0
32
11
0
0
0
0
0
2
204
1
0
0
0
3
0
0
204
0
8
0
0
0
0
0
0
34
197
1
0
4
1
0
0
194
0
32
0
0
188
187
0
1
0
33
0
33
1
13
8
0
193
0
0
0
194
44
0
0
0
0
0
0
0
0
44
0
0
0
0
2
0
0
11
193
0
0
0
0
0
0
0
0
1
2
0
0
0
0
1
192
3
0
0
10
0
0
194
0
32
205
0
7
0
0
193
2
0
0
3
0
3
4
0
0
7
54
0
0
0
11
209
1
5
0
13
0
0
0
2
5
50
9
0
6
0
6
3
0
0
9
0
1
0
0
44
1
0
3
0
0
0
0
0
0
0
0
35
0
0
0
0
210
0
1
2
0
188
0
0
0
0
1
35
188
0
4
0
0
1
0
0
208
188
197
0
0
0
40
2
5
34
0
36
187
0
209
1
204
0
0
0
0
0
1
0
0
8
39
0
0
197
8
0
35
0
0
186
0
1
5
192
0
0
0
11
0
0
0
33
0
2
0
1
0
0
33
0
8
0
0
1
0
0
1
0
41
0
0
0
0
7
0
44
9
7
0
0
0
0
6
31
0
0
8
0
39
0
1
197
0
0
0
0
0
0
26
0
6
0
41
0
1
1
196
2
1
0
0
6
1
0
0
46
0
1
203
4
0
0
0
0
0
0
0
0
0
0
0
0
197
0
0
0
53
0
0
0
31
2
0
0
0
0
0
0
0
0
194
0
0
0
0
0
0
0
2
8
0
0
0
46
0
193
0
0
41
0
0
0
0
0
0
207
7
0
1
42
50
199
0
0
0
27
0
0
0
2
0
0
0
2
0
188
40
192
34
0
6
1
0
205
0
0
0
2
1
0
208
0
0
0
2
8
4
0
10
36
0
0
194
53
0
3
0
204
46
2
0
0
0
34
0
1
0
204
8
0
206
0
0
0
188
0
0
6
2
0
0
0
7
0
0
0
0
0
0
0
46
6
191
0
0
6
0
207
0
0
0
194
0
2
0
0
41
0
0
0
0
206
0
0
0
0
0
41
1
0
208
0
204
0
2
0
188
0
0
0
0
0
2
0
0
0
8
2
194
8
0
0
44
3
0
0
2
0
0
0
2
7
9
0
0
1
0
0
0
0
0
1
0
0
1
1
0
194
31
0
0
10
4
41
12
0
31
41
0
0
44
0
0
0
0
32
0
11
0
205
0
0
0
208
35
0
0
188
7
0
186
9
0
19
0
0
2
0
40
6
0
33
10
8
0
4
0
0
197
186
34
0
2
0
11
0
0
0
0
0
0
0
0
0
2
6
0
53
0
0
2
0
1
0
0
0
0
41
8
204
0
0
194
5
0
0
0
188
0
0
0
197
0
1
203
0
211
0
0
10
3
197
208
197
0
0
7
26
40
0
6
33
0
40
0
6
0
0
210
0
198
0
0
197
0
0
0
0
46
0
0
0
3
1
0
0
0
5
0
0
0
35
0
6
0
0
4
0
0
0
39
4
1
0
0
0
0
5
194
204
6
0
0
35
0
0
0
8
210
10
5
187
0
0
0
2
2
0
1
0
1
2
208
0
1
1
0
0
0
0
0
0
0
0
0
186
0
27
34
0
0
7
26
2
0
0
0
2
0
1
0
12
32
26
0
1
35
187
9
0
4
4
0
1
186
0
0
0
3
0
6
0
35
0
188
2
0
0
2
0
0
0
3
39
0
0
0
39
33
0
33
0
0
0
209
0
0
0
0
194
0
0
0
0
0
0
205
194
0
5
203
0
0
0
0
42
0
53
0
204
0
0
1
0
1
0
40
0
2
34
53
0
0
203
1
0
188
39
204
35
192
4
39
2
0
35
7
0
0
0
199
0
1
0
0
8
12
0
0
0
189
0
0
0
205
0
0
0
0
6
46
54
192
0
207
0
0
0
0
0
0
46
46
0
0
1
196
1
0
0
0
0
0
0
0
0
1
0
0
0
0
0
1
1
0
0
6
187
0
0
42
0
0
0
0
0
0
0
0
0
40
3
0
194
0
0
0
0
5
0
0
197
0
7
0
194
0
0
0
0
1
0
44
12
187
0
0
0
192
0
11
0
0
204
0
2
6
0
8
2
0
198
1
0
0
0
44
34
193
0
0
5
3
0
186
39
0
2
0
0
0
7
0
0
0
0
194
1
0
0
1
0
0
198
0
1
0
0
0
185
0
0
4
0
2
1
192
3
0
0
8
0
2
0
0
0
0
3
44
7
0
