6
0
0
0
1
43
0
2
0
0
0
0
12
183
3
7
0
183
0
36
36
0
3
0
0
0
0
0
0
36
0
0
2
2
192
1
1
0
13
2
0
0
0
0
7
0
0
0
0
1
3
0
48
0
10
0
0
0
0
5
30
3
0
207
2
1
0
0
53
0
0
1
1
0
0
10
0
30
0
210
0
0
0
0
0
0
208
9
0
6
41
0
1
0
181
222
0
0
0
12
27
0
192
9
0
7
0
0
0
0
36
0
182
223
0
211
0
0
0
9
0
2
192
40
0
35
0
0
0
0
0
1
0
0
0
0
7
1
30
0
0
35
0
0
0
0
0
0
222
0
0
30
34
0
0
0
0
6
0
0
0
0
2
1
34
8
192
0
0
0
0
0
35
20
0
0
8
225
29
0
7
0
41
12
40
0
0
0
9
0
0
9
0
0
0
0
0
10
0
0
0
36
44
0
0
0
43
1
0
0
1
3
27
6
0
0
0
0
48
2
0
0
0
15
225
0
0
34
36
0
0
185
36
185
0
0
0
0
182
0
16
207
0
0
8
208
0
221
0
30
0
1
7
0
10
185
0
28
221
0
3
3
0
2
0
0
185
0
44
12
0
212
57
185
0
0
0
4
0
185
34
2
0
16
0
0
0
7
0
0
0
2
213
48
0
53
0
0
0
0
0
1
0
211
185
0
0
209
0
0
223
36
0
0
1
0
0
55
0
0
41
0
7
0
0
53
0
2
0
7
0
206
0
8
7
0
3
2
53
0
0
0
49
0
0
36
0
0
1
36
0
0
0
0
0
0
192
7
0
0
0
0
0
0
1
4
53
10
2
0
0
0
36
0
0
0
10
183
5
0
185
0
184
35
0
1
5
0
0
5
0
0
0
210
1
29
0
185
50
0
7
0
1
1
0
0
7
0
2
0
0
0
0
211
210
183
10
0
0
0
7
0
0
0
0
0
0
0
0
0
0
0
0
27
0
0
0
0
0
0
223
0
0
222
15
0
0
10
192
43
0
0
0
0
0
0
185
0
0
0
221
34
207
0
8
212
0
6
0
1
192
185
0
0
0
0
183
0
0
0
0
1
0
192
1
0
6
48
0
223
4
191
0
0
0
185
191
0
0
8
34
0
184
0
27
39
34
1
0
0
0
0
0
0
211
28
0
0
185
210
8
0
0
5
3
0
8
0
4
3
0
1
0
185
0
0
183
43
0
0
6
0
0
0
0
30
0
0
185
0
41
0
6
0
0
1
2
0
0
0
1
0
1
0
43
1
0
0
41
0
0
0
6
3
0
3
0
0
2
8
0
0
0
0
0
0
184
0
10
0
48
0
27
0
0
0
35
2
0
2
0
0
0
0
210
2
16
0
0
209
7
35
1
8
0
0
0
8
0
61
192
0
0
38
0
54
0
191
0
0
1
0
35
0
61
0
0
28
27
35
0
208
0
28
184
0
2
0
0
6
0
6
0
0
1
208
0
43
43
1
0
2
10
221
1
0
0
38
0
182
1
0
0
0
30
0
6
207
0
1
0
0
0
0
0
184
0
0
27
0
209
180
0
0
0
8
34
0
0
0
0
0
1
0
191
0
0
0
1
6
5
183
30
0
0
1
41
0
2
0
0
0
1
0
0
0
0
222
0
192
0
41
0
11
3
60
0
0
0
36
0
0
1
7
0
0
1
0
0
3
1
181
0
0
0
48
0
0
180
0
3
10
1
0
0
0
0
0
0
0
0
0
0
0
223
1
10
0
44
17
0
0
48
0
207
0
223
0
0
207
0
0
0
0
7
0
0
0
185
0
0
44
0
0
0
0
211
0
0
223
223
0
182
53
28
0
0
0
0
0
0
0
61
41
211
209
0
0
0
9
211
0
10
0
0
20
1
0
0
0
0
0
0
35
0
183
0
0
1
0
0
0
0
185
0
10
48
0
0
34
0
34
0
0
183
0
1
38
191
0
6
183
0
9
35
0
0
36
36
0
0
0
0
0
0
0
0
0
0
0
0
61
0
192
0
0
0
0
1
0
3
0
192
3
5
16
0
0
4
8
36
1
0
5
2
1
0
0
0
34
0
0
0
0
0
35
53
0
2
6
0
0
40
0
0
16
184
191
7
185
0
0
0
3
6
1
0
6
0
0
0
0
0
0
0
0
0
0
0
0
0
0
0
0
2
183
0
1
0
0
0
0
0
0
0
12
27
0
1
208
0
30
0
0
0
182
0
0
183
184
1
207
0
4
53
0
0
1
0
5
