45
0
0
0
0
0
0
0
0
0
0
0
0
213
211
0
201
0
0
0
0
0
0
3
0
0
8
205
7
0
38
0
0
0
3
42
7
38
1
189
0
0
2
0
204
0
1
0
0
0
0
2
0
204
10
0
0
4
3
0
0
0
185
0
9
0
0
46
213
4
0
0
0
3
0
0
0
45
0
0
0
190
0
42
0
11
205
0
48
0
0
0
0
3
7
0
0
0
0
4
0
0
189
0
1
0
0
0
0
1
0
211
0
48
0
44
0
0
0
0
0
0
46
0
0
35
33
0
0
10
0
0
0
2
1
9
205
0
0
0
0
50
0
37
0
0
0
0
0
0
0
0
0
3
1
0
0
0
0
0
2
2
0
0
28
5
0
38
1
1
11
0
0
2
0
0
0
11
0
0
0
0
0
1
0
0
216
48
182
0
0
10
0
35
6
0
48
182
0
0
0
214
11
190
1
0
205
0
11
0
28
0
0
214
42
0
0
0
0
0
0
0
0
0
0
0
0
0
5
0
0
46
0
0
0
0
2
28
2
8
2
0
0
40
0
28
0
0
0
0
0
0
0
4
2
0
0
5
0
5
0
189
0
4
0
0
0
37
0
0
205
0
0
0
1
0
36
0
1
0
189
0
0
0
0
11
28
0
11
0
0
28
0
0
0
200
0
0
0
0
0
0
0
0
0
0
0
213
188
0
0
0
0
1
0
38
2
0
1
0
0
0
43
0
2
0
1
1
1
0
215
0
1
0
0
183
0
7
0
0
0
8
0
9
0
0
189
1
0
2
7
0
0
0
1
0
0
7
205
190
0
11
6
0
45
45
0
7
184
0
0
3
0
0
35
1
0
0
0
0
37
1
0
0
1
201
214
42
0
0
0
0
0
6
46
0
0
2
0
204
214
214
184
42
42
3
189
0
0
0
0
0
0
0
0
0
0
7
0
0
2
0
0
182
0
0
0
2
0
0
0
205
3
0
0
7
11
0
7
8
0
0
0
200
28
0
0
0
0
0
0
0
0
28
39
183
0
0
1
0
0
1
0
0
0
202
10
0
45
5
0
0
0
0
0
0
0
0
0
0
6
28
8
0
0
0
8
0
2
0
40
0
0
0
0
1
0
1
0
0
32
43
48
200
1
0
0
28
8
0
3
0
0
0
2
0
0
38
0
4
0
1
0
7
0
0
186
0
0
42
0
0
9
3
0
35
0
1
39
0
0
0
0
1
33
0
0
8
0
0
0
0
0
0
0
0
1
8
11
0
0
189
0
0
0
0
0
0
189
1
0
0
0
4
1
0
0
0
1
0
10
0
0
0
40
0
188
0
0
2
0
0
1
40
28
0
33
0
0
0
0
0
0
0
6
0
0
0
46
0
184
2
0
203
11
0
0
11
0
0
0
2
206
212
1
8
200
0
0
1
200
0
0
0
184
42
0
0
0
8
204
0
37
44
0
0
40
0
202
0
0
0
1
0
0
10
0
28
9
46
0
204
38
5
0
0
188
1
0
0
1
0
0
6
0
40
0
0
1
35
0
4
10
28
48
0
0
5
0
0
200
0
0
0
0
0
0
0
1
0
0
3
0
2
0
40
5
205
38
0
0
2
2
0
0
0
0
38
0
0
11
0
43
0
0
0
189
0
1
10
0
0
0
0
8
0
6
0
0
0
0
1
0
189
6
0
0
4
0
0
42
0
0
0
0
39
0
0
9
0
0
189
9
0
0
183
2
0
0
0
0
0
0
0
5
0
43
4
38
0
0
188
0
45
0
0
214
1
0
0
205
6
215
37
0
0
189
5
2
0
0
0
1
1
0
0
28
0
0
0
0
0
0
0
0
206
0
46
46
0
4
8
0
200
0
184
0
0
0
0
0
182
0
10
0
0
0
189
0
0
0
45
0
14
0
0
0
0
0
0
214
0
45
0
0
3
0
0
0
0
0
0
1
35
0
0
0
1
2
0
0
190
0
1
2
189
0
0
200
0
0
1
0
0
0
2
0
0
0
0
214
2
0
8
40
0
0
0
185
0
0
200
0
0
0
189
0
11
181
0
0
0
0
0
189
214
3
0
0
3
0
0
0
0
0
0
200
0
0
50
0
0
28
0
200
0
0
0
0
0
0
0
0
48
0
10
213
0
0
1
11
0
1
0
0
0
0
0
204
0
0
11
0
0
28
1
1
200
0
38
0
0
189
0
1
188
0
0
0
0
0
0
0
0
34
183
0
189
0
0
0
32
1
0
1
5
0
0
45
0
