0
0
0
0
0
1
0
0
172
8
0
2
0
206
0
1
2
8
33
0
0
0
43
46
0
7
0
0
0
1
0
8
9
0
174
48
4
43
0
0
0
0
0
1
201
0
0
0
0
0
0
0
202
0
0
193
0
216
2
216
9
12
56
1
174
0
0
0
2
0
7
0
4
43
10
0
0
1
172
0
201
0
0
0
0
202
214
0
37
0
0
172
47
0
0
0
0
0
11
41
0
42
40
0
0
0
9
0
31
0
0
0
0
0
2
6
0
0
36
0
0
0
0
47
0
0
0
0
2
0
0
0
31
7
1
0
0
0
39
0
7
48
0
3
0
0
39
0
37
0
9
215
0
2
0
2
0
48
0
0
0
0
0
7
0
0
0
0
39
0
0
0
0
1
208
0
0
0
0
4
0
2
0
56
0
1
0
2
0
0
201
0
0
37
46
0
0
0
0
0
0
0
1
3
1
2
0
39
44
6
0
201
0
4
0
37
0
217
0
9
0
6
2
0
11
0
208
14
0
0
40
1
10
0
0
10
0
2
0
174
0
0
7
0
0
0
2
0
1
0
0
47
31
216
4
0
205
0
0
0
0
216
39
0
215
0
0
1
214
0
0
0
0
215
0
0
6
0
0
0
0
19
0
0
0
0
202
0
46
8
6
0
0
0
37
0
41
2
0
0
0
0
0
0
0
48
0
8
206
0
0
0
0
0
192
34
193
6
1
0
0
0
0
201
2
0
0
0
0
0
0
0
2
1
0
0
4
0
0
0
4
0
0
203
0
0
0
217
0
1
1
0
0
39
0
1
0
0
39
0
1
0
3
7
0
0
6
2
1
0
1
5
1
0
2
0
0
39
2
0
0
202
0
0
0
31
8
0
3
8
201
0
0
34
0
3
1
0
8
0
9
0
0
0
36
0
47
0
0
0
0
208
0
0
0
0
10
0
0
0
0
174
1
43
7
0
0
32
0
1
0
1
0
0
0
0
33
36
0
0
0
0
0
0
0
0
0
0
0
1
7
13
30
9
0
0
0
38
193
0
8
0
0
7
0
30
209
36
0
0
0
4
37
41
39
0
6
1
3
0
11
9
0
0
0
0
1
0
0
0
172
0
0
216
1
44
0
0
0
0
172
172
40
0
0
1
0
0
36
0
0
0
0
0
0
0
0
1
0
0
0
36
0
5
0
0
2
0
0
2
39
0
0
30
0
0
0
210
0
8
205
2
0
47
3
0
37
193
2
1
0
0
0
0
6
215
0
0
1
0
2
2
31
0
5
0
31
10
0
0
6
0
0
38
0
0
1
36
0
0
0
0
0
0
0
0
36
10
193
7
0
2
0
1
0
0
0
7
0
207
39
5
174
1
0
0
193
0
0
1
0
0
0
4
0
3
0
46
0
1
0
10
1
1
0
0
0
208
6
31
0
0
43
48
0
0
1
0
0
0
209
37
8
0
1
0
1
0
6
3
0
34
0
0
0
41
0
1
0
0
216
0
0
193
0
216
0
0
44
0
173
48
8
0
0
38
0
0
2
0
2
0
174
1
0
0
0
0
5
202
9
1
0
0
0
193
0
38
215
0
0
0
0
44
0
0
9
201
0
30
0
39
6
217
0
0
6
0
0
0
43
36
0
0
10
1
0
8
0
0
0
2
0
0
205
10
0
0
0
2
207
11
0
0
0
0
3
0
1
1
217
0
10
218
0
1
0
203
174
0
0
10
0
0
1
0
0
2
0
37
0
0
0
0
3
56
0
33
1
0
0
0
0
0
217
0
6
37
0
2
0
0
3
0
56
0
47
0
4
0
0
2
0
0
0
0
0
1
32
7
0
0
48
0
0
0
44
0
49
0
0
0
6
38
2
0
1
0
0
41
0
0
0
4
0
0
0
0
0
34
0
0
0
0
7
0
0
0
0
48
0
208
0
0
0
0
36
0
0
0
6
0
9
0
1
0
8
0
0
40
5
3
0
0
0
2
0
37
0
37
0
0
0
0
0
56
0
216
1
0
0
0
0
217
193
6
45
0
0
0
204
0
1
6
191
211
0
0
0
0
0
0
5
3
0
0
0
173
0
39
0
174
35
30
0
0
0
0
0
0
0
32
0
37
0
0
0
1
8
0
3
0
0
0
31
174
39
3
40
8
0
40
1
3
0
45
0
0
0
202
48
0
0
0
0
0
0
0
1
1
0
7
0
4
0
5
0
0
205
0
0
0
0
0
0
3
36
30
0
0
174
0
10
2
40
0
0
0
1
193
