84115864185
32730811311
0
0
0
0
0
0
0
0
0
0
8381792137
0
0
0
0
31320588366
0
0
0
0
146116010782
0
0
0
0
0
0
63192672805
78454768574
0
0
0
0
0
0
0
0
0
0
0
0
0
117721431766
0
0
0
0
16350253346
0
0
118495381761
0
0
0
0
0
0
0
0
0
15757659580
0
0
0
0
0
0
0
142548327062
0
0
0
0
26426787930
0
0
6556339011
0
47894300999
0
0
0
0
0
0
0
0
0
0
0
145774760019
0
0
0
0
0
0
0
0
2683661120
0
0
0
80559339802
0
0
0
0
0
0
0
0
0
0
150426595331
0
0
268028323
0
0
0
0
0
0
0
0
343869751
0
0
131039424230
0
0
0
0
0
0
0
0
0
0
0
0
0
0
0
0
222783261
0
0
0
6751033683
0
0
0
0
0
0
0
0
0
0
0
0
0
0
2610201703
0
0
0
65530179978
0
0
0
0
0
0
0
0
0
0
0
0
0
0
2848242006
0
0
0
0
123862583292
0
0
0
0
0
0
0
0
0
0
0
0
30981956427
0
0
0
0
63387765450
0
0
0
0
29179507343
0
0
0
32789321449
0
0
0
0
0
0
0
0
0
3714638616
0
0
0
0
0
0
0
0
0
0
0
0
0
0
0
1787052660
0
16303230802
0
0
0
109725541734
0
0
0
0
0
0
0
0
0
17962148762
0
0
0
0
0
0
53155971756
0
0
0
0
0
87771241215
145481012525
1254169487
0
0
0
0
0
5470865453
0
0
20199529068
0
0
52003499287
22452323429
0
0
0
0
0
94913677666
77105005452
0
0
157159783996
0
0
0
0
0
0
0
0
0
0
74013915550
0
0
0
0
0
0
2561726888
0
0
0
0
0
0
0
0
0
0
0
0
0
33902999842
0
78801256138
0
0
0
0
0
5409225994
0
0
0
0
0
0
0
34087076008
0
0
0
0
3323382275
0
0
0
0
0
0
0
0
0
26034392620
0
0
0
0
0
0
0
0
0
0
166482127864
0
0
0
0
0
119252491055
0
0
0
73477641525
0
0
55631662991
0
0
0
0
0
0
0
0
0
0
0
0
564802607
0
132800178502
0
0
174763153785
0
0
0
0
0
0
0
0
0
0
0
0
0
436975724
0
2003624073
0
0
0
13153892868
0
0
0
0
0
0
0
25738645832
64365492466
50497263860
0
0
0
33566036163
0
0
0
0
25026452180
0
40021722234
0
0
0
155882481018
0
0
0
0
0
0
0
0
0
0
0
0
0
0
0
0
0
0
0
0
0
122630340502
0
0
1174243982
0
0
0
0
0
0
0
0
0
59471997459
0
0
0
0
0
0
0
0
0
356415714
0
0
0
0
0
115467908724
0
27812050370
0
0
0
109117780632
0
0
128326726761
0
0
148402020022
0
113340105
5634827941
0
0
65189159466
0
0
0
3024421746
55430799287
0
0
0
33820091
0
0
0
0
0
0
0
0
0
0
0
0
0
0
0
0
0
0
0
0
0
0
0
106925064354
0
0
0
0
492135389
0
101381275178
0
165562690953
2159034277
0
0
0
3612950154
0
0
0
0
0
0
0
0
0
0
0
0
53913588048
0
0
0
0
0
0
57500200593
0
0
0
0
0
0
0
0
1432718030
0
0
0
0
16792614962
0
0
0
0
35697756
0
0
0
0
0
0
0
0
0
0
0
0
0
11895488522
0
0
0
0
0
10901699242
0
0
0
0
0
0
0
0
0
48330662186
0
0
0
0
0
0
0
0
0
0
0
0
0
0
0
0
0
838156570
0
0
0
0
0
0
45407586007
0
0
0
0
0
0
0
0
123815895424
0
0
0
23734365392
146741037211
0
0
0
0
391323701
0
0
0
0
0
0
0
0
156712401923
0
71714217133
0
0
0
89010668710
0
69400135111
0
0
65249623264
0
0
0
0
0
0
872346883
176554499230
0
0
137829276033
31159792120
0
0
137237933423
0
0
95558991284
107602038519
0
0
0
0
0
0
0
139935324488
0
0
0
0
0
0
0
0
0
0
0
0
0
17077054910
0
0
0
0
65196801605
0
0
0
0
148487664150
0
0
0
0
0
0
0
0
156931351611
0
0
62811206914
0
0
0
0
0
0
0
0
0
0
0
0
0
106774746655
0
0
107771252115
0
150198108653
0
0
0
0
0
0
14208561091
0
0
0
0
0
0
0
26517127594
0
0
0
0
0
0
0
0
0
0
0
0
0
0
50934883634
0
0
0
0
77754455570
0
0
0
0
47520596408
0
115367727614
0
124083514097
0
0
0
0
71776870358
45901589941
0
0
0
0
0
58088877036
0
0
0
0
0
0
0
689258590
0
0
0
0
0
0
0
102752029575
160347156554
0
0
0
378251305
0
0
0
0
0
0
44881622047
0
0
0
0
0
132939928096
0
0
49406346985
0
2252769171
158772352637
0
125079645602
0
0
0
0
0
0
0
0
0
0
0
0
34749159695
0
0
37535370594
0
0
0
0
0
0
0
0
0
0
0
0
0
0
0
0
0
0
0
0
0
0
0
0
0
0
0
0
0
0
0
0
0
24475897736
0
0
0
0
0
0
0
0
0
0
0
0
0
160405012121
33674940
0
0
0
0
0
84735658886
0
0
0
0
0
0
0
0
0
0
0
0
0
0
143199824009
0
0
0
0
0
0
0
0
0
0
0
20537789351
111042796519
0
0
0
0
0
0
0
0
92758163400
0
0
0
0
0
0
0
0
170063764086
0
72214296277
0
0
25706846570
0
0
0
0
0
0
0
0
38442515756
0
0
0
0
0
0
0
0
0
0
0
0
0
6985001264
0
0
0
0
0
0
0
0
0
0
0
0
0
57464318350
0
0
0
0
0
0
0
0
0
0
0
0
0
0
0
0
0
0
0
0
0
9553348229
0
159373427709
73738037043
0
0
0
0
0
0
167143715640
0
0
64199499297
0
0
74464110059
0
0
0
0
0
0
0
0
0
0
0
78309720328
0
0
0
0
0
0
0
0
0
0
0
0
0
0
0
0
0
0
0
0
0
94810573367
0
0
0
0
0
0
0
0
0
0
4056446092
0
0
0
5333523681
0
0
0
129245040144
0
0
0
0
0
143209365259
0
0
0
0
195461714
0
0
169078040504
0
0
0
0
0
0
8051599949
0
0
0
0
0
0
0
0
0
0
0
74748625396
0
0
0
0
0
0
0
0
0
0
0
0
0
0
10956407
0
0
83225908856
0
0
0
129950626713
83868238485
76361975581
0
0
0
0
0
55423872358
0
0
0
0
0
0
0
0
0
0
0
0
0
0
0
0
0
0
0
0
0
2879290058
0
0
0
130732187249
0
0
0
0
171192572832
0
0
0
0
0
0
0
122492924568
0
0
0
0
0
0
0
0
0
0
0
0
0
0
0
0
0
0
0
0
0
0
0
0
0
48255491852
0
0
0
0
171183695033
0
0
0
0
0
0
0
0
0
0
0
0
0
0
0
0
0
0
0
0
0
0
0
0
0
17125528586
0
0
0
0
0
0
0
0
0
157035743761
0
0
0
0
0
0
10593005379
0
0
0
0
0
0
0
0
0
0
0
144694893568
0
0
32175950292
0
176535952969
0
0
0
0
0
0
0
0
0
0
0
0
8520984849
0
0
0
0
0
117266579643
0
0
0
0
0
0
0
0
0
0
0
571360405
0
0
0
0
0
108208297240
0
0
0
0
0
0
0
0
0
0
0
0
0
0
0
0
273331391
0
0
0
0
0
0
0
0
0
0
0
0
0
0
0
0
0
0
444181182
0
0
97362194980
14689794184
0
0
0
0
0
0
0
0
0
0
0
0
0
0
0
0
0
0
0
0
0
44828266549
0
0
0
100924373347
137097402597
0
0
0
0
1375834763
0
0
0
0
0
806842075
0
0
0
0
0
185493373
0
0
0
0
0
7669943499
0
0
120102791979
0
0
0
9602615052
0
0
0
0
141415803756
0
0
0
0
0
0
0
0
0
0
2958380
0
0
0
0
6996232315
0
0
0
0
0
0
0
0
0
0
0
0
0
0
0
0
0
0
0
154224573740
13639292709
0
0
0
0
0
0
0
1073310723
7590614359
0
0
0
0
0
0
0
0
0
0
0
0
0
0
0
0
0
0
0
2059239514
0
0
0
0
0
10610407956
0
0
0
0
45374025807
0
6125841909
0
0
149152770760
0
0
0
5396920704
0
0
0
0
0
0
0
74519536202
0
0
0
0
0
0
0
0
0
0
0
0
0
8953254027
0
145452830172
0
0
0
0
0
0
0
0
0
3412749745
0
0
0
0
0
0
35031320219
0
0
16757861434
0
0
0
0
9287969786
0
0
0
0
0
0
0
0
0
0
0
136084083860
0
139897484367
0
0
0
0
0
0
1036546735
0
0
0
0
0
0
0
0
0
0
0
155825695105
0
0
0
0
0
0
0
54567504934
0
0
0
0
0
0
0
13757908207
0
0
0
0
35471658661
0
39578974746
0
0
0
0
128104766241
0
0
0
0
0
0
0
0
0
0
0
0
0
124277153647
61736499086
0
0
0
0
0
0
65333413605
92128664914
0
0
0
0
0
0
0
0
0
0
0
0
0
44615482
0
0
0
11294458343
0
0
53934797280
25088982212
0
0
0
0
0
0
0
6239483131
0
0
0
0
0
0
0
0
23954985606
0
28260732994
0
0
0
0
16666328957
0
0
0
0
31033577548
0
0
0
81300774007
0
0
0
0
113295600125
0
0
15383655511
0
0
0
0
36662356612
0
0
0
0
0
0
0
160930952266
0
0
0
0
92979484353
0
0
0
0
0
0
0
0
0
0
0
0
0
0
104665197146
0
0
0
0
0
0
0
113946998044
0
0
0
104090738500
0
43065814594
0
0
0
0
0
0
0
0
0
0
0
0
0
0
0
0
0
0
27004456211
0
0
142207941208
0
0
0
0
0
0
0
76952833023
0
0
289753699
18775180005
0
0
0
0
0
0
0
45247547923
0
0
0
0
0
0
0
0
0
0
0
58139947128
189594708
0
0
99945305029
0
0
0
0
0
0
47962617156
0
0
0
30964834167
0
0
0
0
0
0
0
0
0
0
0
0
7383812482
0
0
0
0
0
0
0
0
0
150968443318
0
0
0
0
0
0
0
0
0
0
145196499238
0
0
0
0
12715638236
0
0
0
0
0
0
0
0
0
7180186860
4377678388
0
0
0
0
6099408038
0
0
0
0
0
0
0
0
0
0
0
0
165955679212
0
0
0
0
0
0
0
0
23423926300
0
0
0
0
4171415115
0
0
0
0
0
0
0
63395727186
0
0
0
0
0
0
0
0
0
0
0
0
0
0
0
59273486084
0
0
0
0
0
0
0
0
0
86536340124
0
0
0
0
172571019799
73469917094
0
0
0
0
0
0
0
0
0
0
0
0
0
0
0
0
0
0
0
51262265686
0
0
0
0
0
0
0
101064919072
0
67313842237
0
0
155635348730
73595805254
0
0
0
0
0
0
0
0
70352931828
0
0
0
0
0
0
0
0
0
0
0
0
0
0
84834586558
0
0
0
0
9652437657
154234215046
0
0
0
51954272924
0
0
0
0
0
163475300398
0
0
0
0
0
0
0
0
0
0
0
0
1266771
0
0
0
140208673661
40620090608
0
0
0
0
0
123917695645
0
0
0
0
0
0
0
0
42961276693
0
0
0
0
0
0
0
0
0
0
0
0
0
0
88901588165
69523750102
0
0
0
0
0
0
0
20423284557
0
0
0
0
0
0
0
0
0
0
0
65128003
18770919139
85912118727
0
0
0
172638643285
0
0
0
0
0
0
0
33725148551
81570614005
1899340999
0
108439891595
0
0
0
0
0
46337292471
0
0
0
122456084658
0
0
153701341120
0
12726984765
0
0
0
0
0
0
0
0
0
0
0
0
87465422
0
0
0
0
0
0
44748664379
0
0
0
0
0
0
0
5263277977
211850934
0
0
0
0
0
0
0
0
0
0
0
0
0
0
0
0
0
0
0
0
0
1242241536
0
0
0
0
1308303933
0
0
0
0
0
0
0
0
0
0
0
0
0
0
39591728120
0
0
0
0
0
0
0
0
0
0
0
0
0
7482570783
0
0
0
0
0
0
0
0
0
0
0
0
0
0
0
0
0
0
0
0
0
0
0
0
0
0
0
94235884806
0
0
0
31240076238
0
0
123172187212
0
0
0
171077853887
0
0
0
0
0
0
0
0
0
10317178859
5418908836
0
0
0
12187690911
0
0
0
0
0
0
30242091099
0
0
0
0
0
0
0
0
21029017875
0
0
0
0
0
0
0
0
0
0
0
0
0
0
0
0
0
0
0
0
0
0
0
0
0
0
10313800630
0
0
0
0
18839752798
0
0
0
0
0
0
0
0
0
0
48174060675
0
0
0
0
0
0
0
0
0
0
0
0
0
0
0
0
0
90028769968
0
0
0
50726366162
0
0
0
0
0
0
0
0
0
0
0
0
0
0
81847477721
0
0
0
0
0
0
0
0
0
0
131346698172
0
0
0
0
0
0
55145047663
0
110818794446
0
0
0
0
0
171537244726
0
1454769459
0
0
0
0
0
0
0
0
0
0
0
0
0
0
0
0
0
0
0
0
0
93346268032
0
0
0
0
0
0
0
0
0
0
119115518146
0
0
0
0
173604883452
0
0
0
0
0
31626223636
0
0
0
0
0
0
0
0
0
0
0
0
0
0
0
0
0
0
0
0
0
0
0
0
0
0
0
79172838750
0
0
0
0
0
0
0
0
0
0
0
0
0
0
0
0
0
0
0
0
0
0
0
0
0
0
5909862995
0
123328433664
0
0
0
0
0
0
0
0
0
0
0
0
0
0
38774621821
45868292670
0
0
0
124405814211
0
0
0
0
10824283734
0
0
0
0
30157003687
0
0
0
0
0
0
0
0
0
0
0
61848063372
0
0
0
0
0
0
0
0
0
33223784813
0
0
135034423289
0
0
0
0
0
0
0
0
0
159803346757
0
0
163838267778
0
0
0
0
0
0
45921460076
0
0
0
0
0
0
0
0
0
0
0
0
14000531174
0
0
0
0
0
0
0
0
0
0
0
0
0
0
0
0
0
0
0
0
0
0
0
0
0
0
0
0
0
0
10375684409
0
0
0
0
0
0
0
0
0
0
0
0
0
0
0
0
0
0
102540486370
0
0
0
0
0
0
0
55116140476
0
560798523
0
0
0
0
0
0
35810032203
0
0
90374944534
0
0
0
0
0
0
0
0
0
127586537516
0
680280814
0
0
0
0
0
0
0
0
0
0
0
0
0
0
151035135624
0
86502916537
0
0
0
0
0
0
0
0
0
0
0
0
0
0
0
0
0
0
0
0
0
0
0
0
0
153900491247
0
0
17706940115
0
32361987902
0
0
0
0
163006953672
0
560435
0
0
0
0
0
0
0
0
0
0
0
0
0
152091910229
0
0
43870747696
0
0
0
0
0
0
0
0
0
0
0
0
0
0
0
0
0
0
56668813352
0
0
0
0
0
0
26241032881
0
0
0
0
0
0
0
0
0
0
0
0
0
138345580310
0
0
0
0
0
0
0
0
0
0
0
0
0
0
0
104983673551
0
1465867723
0
0
0
0
0
8103172388
0
0
0
0
4100917993
0
0
0
0
0
0
0
56437861532
38448923587
0
579012149
0
0
0
0
0
0
0
0
0
0
6247325198
0
0
0
0
0
0
0
0
0
0
35688762281
721069905
0
0
0
0
0
0
0
0
0
59678057603
0
0
0
0
0
0
0
0
0
0
0
0
0
0
0
0
0
0
26575882684
0
0
0
0
0
0
0
0
0
0
0
0
0
0
0
0
0
0
0
10704746536
0
0
0
0
0
0
91789004077
0
0
0
0
0
0
64237300331
0
0
0
0
108600503781
0
0
0
0
0
0
0
0
0
0
0
0
142755922941
0
0
0
0
0
0
77891477712
2153222440
0
0
16819010387
0
2425112937
69013756334
0
0
0
148781687432
0
0
0
0
75447306614
0
84859461154
0
0
0
0
0
0
0
0
0
0
0
0
0
25559758265
102908962
0
0
0
0
108306357350
0
3955861879
0
0
0
0
0
0
121576861593
0
0
0
0
0
0
0
0
0
3298943391
0
0
0
0
0
0
0
0
0
13698749869
0
0
0
0
0
0
105665276505
0
0
0
0
56005457078
0
0
0
0
26087428295
0
0
0
93961785349
0
0
0
9622487010
0
0
0
0
112988269191
0
0
0
0
23201113539
0
0
0
0
0
0
0
0
0
0
0
166855767249
0
0
0
62826658057
0
0
0
0
0
0
0
0
0
0
0
0
120175913406
0
0
0
0
0
0
0
0
0
51457297701
0
0
0
0
0
0
0
20913272141
0
0
629024621
0
0
156235186892
0
0
0
0
91769370
150683487175
97232838053
0
0
0
0
0
0
0
0
0
0
0
0
55287803391
0
0
0
0
0
0
0
0
0
0
0
0
0
0
0
0
0
0
0
0
0
0
0
0
0
0
0
0
0
0
0
110209446578
0
0
0
0
0
0
0
0
0
0
0
0
77626105672
0
0
481654276
0
0
0
0
0
0
0
0
0
0
0
0
0
130825626129
0
0
0
0
0
0
0
0
0
24807857523
0
0
0
0
0
0
0
0
0
0
0
139840926461
32222430386
0
0
0
0
151882218172
31626223636
126262549048
0
0
0
0
0
0
1022624681
104222877920
132101275847
0
0
0
0
0
0
23545916408
0
0
0
0
0
0
0
0
0
149485579732
0
0
0
0
0
0
0
0
0
0
0
0
57913997639
0
0
0
0
0
0
0
48268988092
0
145717829050
0
0
0
0
76657491060
0
0
0
0
0
0
0
0
0
0
0
0
0
172083045026
0
0
0
0
0
0
12753634556
0
0
0
0
0
0
0
0
0
0
0
0
0
64034186504
0
0
0
77658490143
0
0
0
0
0
0
0
0
0
123300559102
0
0
0
0
0
0
0
0
0
0
0
0
21687820685
0
0
0
0
0
0
0
0
0
0
181133550
0
118185417972
0
0
0
0
0
0
154253723913
105054406366
0
0
0
0
0
0
0
0
0
0
0
0
0
0
0
0
0
0
0
0
0
170350400104
0
0
0
0
0
0
0
0
0
0
0
0
0
0
0
0
0
0
17675759208
0
0
0
0
0
0
0
0
0
0
0
0
0
0
0
0
0
0
0
0
0
0
0
0
0
0
6761962040
0
0
0
0
0
37727279730
1172320258
0
0
151197462
0
0
0
0
109940350190
38168334617
0
0
0
0
0
86752854802
0
0
0
36408201
0
0
0
0
0
0
0
0
0
22392437151
0
0
0
0
0
0
0
0
0
0
60896667619
0
0
0
0
0
151311653565
0
165275161793
0
0
0
0
0
0
0
78535140740
163897919
0
0
157827398502
85223116047
133892383594
0
0
0
0
0
0
0
0
0
0
0
0
0
0
0
127633251328
0
0
0
0
0
0
0
0
77907411828
0
0
0
165534194549
0
0
0
149524200066
160022464550
56517203152
24155389124
0
0
3935138412
134032843320
0
0
0
0
0
0
0
0
0
0
0
0
0
0
0
0
0
0
0
0
0
0
0
0
0
0
0
0
0
0
0
0
188927662
0
0
0
0
0
0
0
0
0
0
0
79439759796
0
0
0
0
0
0
0
0
0
0
0
0
0
10912203238
0
0
0
0
0
0
0
0
0
0
0
0
0
0
0
0
0
0
0
0
0
0
0
0
995465436
0
0
0
0
0
0
0
0
0
0
1091418898
0
0
0
71262536579
0
159048884919
0
0
0
0
0
0
0
0
0
0
0
0
0
0
0
0
0
0
54638602975
0
0
0
0
0
84919227
0
0
0
0
0
0
0
0
0
0
0
103958446810
137134519895
32245970106
0
0
122639823964
0
134528995424
0
6892297880
0
0
0
0
0
15501003306
0
0
0
0
434927992
0
0
0
0
0
0
0
0
0
0
0
0
0
0
20965936690
0
0
0
0
0
0
0
3509162052
0
0
0
0
0
0
0
0
0
0
0
77233120449
0
103376863954
0
0
0
4546188498
0
0
0
0
0
299078120
0
0
0
4844938857
0
0
0
0
0
67401235
0
0
0
0
52431440039
103720057858
0
89506105672
0
0
0
0
0
0
0
0
0
0
0
138900537881
0
0
0
208679788
0
0
0
0
0
146314702188
0
0
137745087524
0
0
0
0
0
0
0
0
0
0
0
0
0
0
0
0
0
0
0
0
0
0
0
0
0
8536668319
0
0
0
0
0
0
0
0
0
0
0
0
0
0
0
63875929071
0
0
0
0
0
0
0
0
0
174666777893
0
0
938100060
0
0
0
11368484
0
0
0
0
0
0
0
0
0
0
0
0
0
0
0
0
0
109859855759
0
0
0
0
0
0
0
0
0
3811880065
53262267807
0
0
2234802948
0
0
0
0
0
0
106614810234
0
0
0
0
0
0
0
0
0
0
0
0
0
0
0
0
0
0
0
0
0
0
0
0
0
0
0
0
0
119371397968
0
0
0
0
0
0
0
76640842007
0
0
0
0
0
0
15605718315
0
0
0
0
0
0
0
0
0
0
0
60215729542
0
0
0
0
0
0
0
0
0
0
0
0
0
0
0
0
0
165026027129
0
0
175864695989
0
0
0
0
26225060079
157512417431
0
114770174445
0
0
0
0
0
0
12371046618
0
0
0
0
0
0
0
0
0
0
0
0
0
0
0
0
0
0
33424313222
0
0
0
135746874627
0
0
0
0
0
0
0
0
0
0
0
0
0
0
0
0
77193106094
0
0
0
0
0
0
130961502
2143106903
0
0
0
0
0
0
0
0
4755058357
0
166463087058
95119892955
0
0
8176164516
46330402591
173261095989
0
0
0
0
0
0
0
0
0
0
13591529410
0
139718549529
0
0
0
0
0
0
38980658
0
0
0
0
0
140208673661
0
0
0
0
0
0
0
0
0
0
0
0
0
0
0
0
0
0
0
0
0
0
0
0
0
0
13595654033
0
0
0
0
95025102137
0
0
41144971754
0
0
78301620233
0
0
0
0
0
0
0
0
0
168629246961
0
121212379
0
5008164976
0
0
0
0
0
0
0
0
107352791718
0
0
0
0
0
0
0
47296566014
95928757998
0
0
0
0
81782604995
0
0
0
0
0
0
24165510124
73698847377
0
0
0
0
0
69493114181
0
0
0
0
0
0
0
0
0
0
0
0
0
0
0
0
4741363657
0
0
0
0
0
0
0
0
34045221006
120038895149
0
38081428723
0
206490281
0
0
0
0
0
0
0
0
742194665
126919895580
0
0
0
0
0
0
26934420801
0
0
0
0
0
0
17800876713
0
0
0
0
0
0
107834052756
0
0
0
0
0
0
0
0
0
54495739267
0
0
6295309361
0
0
0
0
0
0
30924840072
0
0
0
0
0
0
0
0
0
0
0
0
0
0
0
0
0
84347239540
0
0
0
0
0
0
0
0
0
0
0
0
0
0
0
0
543738129
0
0
0
0
7958455266
0
147082605853
0
0
0
169499140715
0
0
0
0
0
0
0
0
0
0
0
58650893945
0
0
0
0
0
0
0
0
0
0
0
0
0
0
0
0
0
0
0
0
0
0
0
0
0
0
0
137415535572
0
0
0
0
0
0
0
0
63290831036
0
0
0
0
0
0
0
0
0
0
0
75295484950
58292920646
111609545567
0
0
0
46108956411
0
0
0
157331645963
0
84214903138
0
0
0
0
142387684167
0
0
0
0
0
0
0
0
10544503961
0
0
0
0
0
67268053519
0
0
0
0
0
0
0
842331293
0
0
0
74732961226
0
0
0
0
0
0
0
0
52669900252
141944500423
0
0
25125462734
0
0
0
0
0
0
158208770609
0
0
0
0
0
0
0
0
13857125400
0
0
0
0
0
0
0
0
165869369713
2544128009
0
165993918036
0
49151967026
0
0
123264133240
121961313642
0
0
129543425
0
20995196594
23862587235
0
0
0
157664879716
0
0
71215393155
0
66572430135
0
0
0
0
0
0
0
51360011838
0
0
0
0
0
31217211081
0
0
0
0
757014577
0
0
0
49854162058
0
115612887824
7631716315
0
0
0
0
0
0
0
0
0
0
0
0
0
0
0
0
0
0
0
0
0
0
0
0
0
0
0
0
0
0
0
0
0
0
0
0
0
0
0
0
0
0
0
0
0
95361007414
0
11312471447
0
0
2100194910
0
0
0
167853592881
0
0
0
0
0
0
0
0
21296211130
0
0
71441275056
0
55933695005
0
0
0
0
0
0
0
0
152415345
0
111897356655
0
19722554000
25654444540
0
4679512826
114489810479
0
0
0
0
0
0
0
0
0
0
0
0
0
1794727142
0
140943873499
0
0
0
0
0
0
0
0
0
0
0
0
0
0
102478727472
0
0
0
0
0
0
0
0
0
2010501310
118906090025
0
0
0
0
0
111060567536
0
0
0
0
0
0
1722016505
0
0
0
0
0
0
0
7934397767
0
0
0
0
0
0
0
0
0
0
43254834643
0
0
0
0
0
0
0
0
0
159268550547
53729064961
28895887552
0
4514822837
0
0
0
33194562904
570753356
0
15109153980
0
0
0
0
0
0
0
0
0
0
0
0
0
0
0
0
154378050345
0
11381385886
0
0
0
0
0
0
0
0
0
0
9242634855
0
0
3485917787
0
0
0
0
0
0
0
0
0
0
0
75606009202
0
0
0
0
0
0
50809665331
0
0
0
104558923099
0
0
0
0
0
0
0
0
0
0
0
0
0
0
0
0
0
0
0
77867086495
0
0
0
20903488645
16762105867
0
116466499956
0
0
151206590365
0
0
0
0
123641051633
0
0
0
0
0
0
0
0
0
0
119709361115
0
0
0
0
0
70112531318
0
0
0
21501157807
0
0
0
0
0
0
11373989738
0
0
46620108582
58658233519
0
0
2007790284
0
0
0
0
0
16320270236
0
0
0
0
0
0
0
0
0
0
0
0
66526687749
0
0
0
0
0
0
0
0
0
0
0
0
0
61305398839
0
0
0
0
0
0
0
0
0
0
0
0
0
0
0
0
0
0
0
0
0
0
0
0
0
0
0
0
0
104417319675
0
0
4625191396
0
0
0
0
0
0
0
0
0
0
56827428987
175070154374
0
0
0
1379045251
0
0
0
0
111240475524
0
0
0
2356906263
0
0
0
0
0
0
0
0
0
0
0
0
0
0
0
0
0
123319268537
0
0
0
0
8889180745
137434953178
29880423592
0
0
0
0
0
0
0
0
0
0
0
0
0
0
0
0
0
0
0
0
0
0
0
0
0
0
0
0
0
0
0
0
0
0
0
0
0
0
0
0
0
0
0
0
0
0
0
0
0
0
0
0
32408970238
0
0
4863401886
0
0
0
0
1681056296
0
0
0
0
0
0
20480476488
0
0
0
0
1967288
0
0
0
0
0
0
0
0
0
0
0
0
0
0
89699876695
0
0
0
0
0
0
0
0
0
0
0
0
0
0
0
0
0
0
0
0
121668149386
0
0
0
0
0
61387041015
0
0
0
0
0
0
0
0
0
89590557670
0
0
0
0
0
47140359426
80340174393
0
0
0
0
0
0
0
0
0
0
105444227887
0
0
157122323560
0
0
102875149258
0
0
0
0
0
0
0
0
0
0
0
0
0
0
0
0
0
0
0
0
26746796887
0
0
0
0
0
0
0
0
145538309816
0
0
0
0
0
0
61253232377
33318190456
0
0
0
0
0
0
0
0
0
0
0
0
0
0
0
143426599809
23130195120
0
0
0
0
0
0
108716783632
0
0
20975793134
0
0
0
0
0
74464110059
0
0
0
123282629287
0
0
0
0
0
0
0
0
0
0
0
0
0
0
0
0
0
13976677495
0
0
0
56351602374
0
0
0
0
87369982994
0
0
0
0
0
0
0
0
0
17156439000
0
0
0
0
0
0
51360011838
0
0
131775680065
0
115159415269
0
107112338393
0
0
0
0
0
0
0
0
0
0
0
0
0
0
0
0
0
0
0
0
0
107914694631
58987381586
0
0
0
0
0
0
0
0
0
0
0
0
0
0
0
165227909240
0
0
0
0
0
0
0
0
0
0
0
0
9923183003
0
0
0
0
0
0
0
0
0
0
0
119700949257
0
11851202113
0
0
0
0
0
0
0
16840776858
0
0
0
0
0
171029808149
0
0
0
0
0
0
0
0
0
0
0
0
0
0
0
0
0
0
0
0
0
0
108288608518
0
51828288591
0
5411723400
0
0
0
0
0
0
0
0
0
0
0
0
0
0
0
6157426235
0
0
0
111465370285
0
0
0
0
0
0
0
0
0
0
0
3112690239
0
0
0
0
0
124572081625
0
18314429857
10579237426
0
0
0
0
0
0
0
70601368118
0
92502887035
0
0
0
0
0
224281223
0
0
0
0
0
0
0
0
44841164850
0
0
0
0
0
0
0
11090012663
0
0
0
1785731196
0
0
0
0
0
60135004890
84008666232
0
0
0
0
0
0
0
0
0
0
11175902189
0
0
0
13702371498
0
0
0
0
0
0
138618183839
0
0
0
0
0
0
76361975581
0
0
0
0
0
0
0
109234203347
0
0
0
132231551215
0
0
0
0
0
0
0
0
0
0
0
0
0
0
0
0
0
0
0
0
0
0
131132253087
0
0
2057897368
0
0
0
0
0
0
0
0
107112338393
0
0
0
0
0
0
0
0
0
0
0
0
0
0
0
0
0
0
0
0
0
0
0
0
0
25078517453
5809758468
0
0
0
23612151699
0
0
0
0
0
0
0
0
0
0
0
0
0
0
0
0
0
0
109314674183
0
0
122951920074
0
0
0
0
0
0
0
0
0
0
0
1805073602
76505264822
0
0
0
111708691108
0
0
0
0
138552271950
157655437705
0
0
81880568201
0
0
0
0
0
0
0
0
0
0
0
0
0
0
0
0
0
0
0
0
0
61968028565
0
0
0
0
0
0
0
0
0
0
0
515677965
0
0
0
0
0
0
0
0
0
0
0
0
0
0
0
119097814915
0
0
0
0
0
0
0
0
0
0
0
0
0
0
0
0
0
0
0
0
0
0
0
164527610147
0
0
0
0
93329485515
0
66908040803
0
0
0
0
0
0
0
0
0
160997247641
0
0
0
0
0
0
0
0
98498784201
0
0
0
0
0
0
0
9612618464
0
0
1188301715
0
0
0
0
0
0
0
0
0
0
0
0
0
0
0
0
0
0
0
0
0
167718929381
0
0
0
0
0
1087108915
0
0
0
0
0
0
0
0
0
0
0
2185105270
0
0
0
0
0
0
23009331771
0
169336424582
160892616150
0
0
65917466766
19357729788
0
0
0
0
0
0
0
0
0
0
0
0
0
0
26214332495
0
0
0
0
0
0
0
0
0
0
1255098220
51723305718
0
0
0
0
0
0
18660843023
59876765136
0
0
0
0
0
0
0
0
0
0
0
0
0
0
0
0
0
0
0
0
0
0
0
142520113109
0
0
0
35967437295
24838714639
0
0
0
0
0
0
0
0
0
0
126789602910
0
0
25481046404
157865262066
0
0
0
0
0
0
0
0
0
7649147962
0
0
0
0
0
0
0
0
0
0
0
98177065717
109386064281
0
122501745089
0
0
28934442286
0
56531414040
0
0
0
0
0
0
2387817003
0
0
0
0
0
148297
0
0
0
0
0
0
0
0
0
0
0
30247577212
0
0
0
0
0
0
0
0
0
0
0
0
0
0
0
0
0
0
0
0
0
0
74495579486
120303938466
0
111807338844
0
0
0
0
263594186
0
0
0
0
0
0
0
0
50497263860
0
0
61119677364
0
0
0
0
93056125573
0
0
0
0
0
0
0
0
0
0
0
0
0
0
0
0
0
119408148592
0
0
0
0
0
0
63275667523
0
0
39056907220
0
0
0
0
1162072786
0
0
0
0
0
0
0
0
79099709988
0
63328523704
155416069276
13153892868
0
0
0
0
0
0
0
0
0
303104
0
0
0
0
0
2267663508
0
0
0
0
0
0
32572270861
0
0
0
172169672515
0
0
0
0
0
0
25005550063
38755713837
0
0
0
0
0
20523209204
0
0
3308320588
0
0
0
0
0
0
58599424147
0
0
0
40997536488
0
0
0
149562215735
0
7017075
0
0
96929440183
0
0
0
0
0
36766714974
0
0
0
864440344
0
0
0
173997644324
17470670586
40505093229
0
0
0
0
0
0
0
0
0
0
0
0
0
0
0
0
142425454771
0
0
0
0
0
0
0
0
0
0
0
0
0
0
0
0
1252178663
0
0
0
0
7796909855
0
0
0
0
0
0
0
0
0
0
0
0
3244918310
0
0
74693026985
0
8981881092
115195710873
0
0
0
0
0
148116355570
0
0
0
0
59509169112
0
0
0
0
0
0
173261095989
0
0
0
0
65310408182
84305590889
0
0
0
0
0
0
0
0
0
0
0
0
0
0
0
0
57427771037
0
0
0
0
0
0
0
0
0
8914777629
0
41292357882
0
0
0
0
0
0
0
0
0
0
0
92681772528
0
0
0
27409702455
0
0
0
0
0
0
0
0
0
0
0
0
0
0
0
0
0
141208537833
0
0
0
0
0
0
0
0
0
0
0
0
0
0
0
0
0
0
0
0
0
31159792120
0
117493892009
0
0
0
0
3096298716
0
136487883227
0
0
0
0
0
0
0
0
0
0
0
101960257865
4935545609
0
0
0
0
0
0
0
171566301567
0
0
0
0
0
0
0
0
0
0
0
0
0
0
0
0
0
0
0
0
0
0
0
0
0
0
81831187880
0
0
0
0
0
0
0
0
0
0
0
0
0
0
0
0
142670844982
0
0
2705221
56221660776
0
0
0
0
0
0
0
0
0
0
151092236238
0
0
0
0
4505919376
0
0
0
0
0
0
