8860 9255
2884
2447 2638 5791 2842
360 4457 7204 8804
2488 3906 6082 6839
3606 688 4367 7750
145 3039 5072 8814
1561 1099 2501 1955
1205 4925 7871 5909
5032 925 6644 3586
377 209 8045 5208
1589 1787 8348 2663
5050 6675 7075 8830
4231 1031 6197 6931
2392 2531 5850 6514
2166 3015 5547 3918
3868 6254 4696 9171
394 438 5157 1692
4171 3760 4230 6185
2892 5340 8474 6857
1551 1443 3638 6640
2151 1821 2156 2735
7842 5452 8440 7169
309 99 6975 7487
3753 5256 4578 5729
3747 377 4797 3501
4355 260 8804 530
1230 639 1881 2641
1292 8692 4874 9129
2142 2700 5690 8854
8090 6237 8288 6380
4666 4499 7358 6994
3351 5881 4644 6523
1660 3555 3728 3705
4212 73 4455 1240
1145 1639 1421 7984
1320 3553 5118 4584
941 2761 3237 6365
6551 3434 8116 4498
5258 5095 7755 5392
2425 1375 6978 8543
5384 4243 6070 7143
354 273 2315 7692
7343 6192 7938 8039
7242 4930 8399 8911
3072 797 5907 6777
2637 1602 3658 3980
11 1127 1856 6136
7378 4684 8399 5694
1132 1661 3400 4814
385 72 4749 8982
871 1041 6534 7183
3560 1158 8463 4167
4067 5058 5935 7492
451 245 5055 4687
3000 1189 4865 2940
2357 3535 2784 6706
3679 1356 8776 1507
4954 3200 6564 4805
1377 3875 7108 5472
3793 1496 7702 7867
2478 4822 2770 7989
2655 2253 7548 6962
4590 3471 5746 3780
732 1989 5813 2083
4009 2078 8249 3417
4391 2992 5406 9115
3576 5928 6918 9014
1078 3093 5520 4479
3203 3884 5106 6345
541 4501 1410 6762
3542 4132 7681 5266
422 2062 5693 7499
3246 991 6536 3675
5183 2376 5379 6617
3123 1015 3661 1684
359 1590 5941 8597
1378 7386 4363 7403
485 2351 4837 5422
5777 5235 8074 9219
3131 1407 5949 2573
2359 2097 7216 3692
1842 4163 5380 8011
3136 6140 4843 7814
3094 6617 3649 7683
982 1030 6724 5791
4786 2330 7868 3973
5854 2084 7366 2321
3662 4059 6853 6429
2034 4401 3154 5984
4328 1827 8800 8679
1263 1619 1894 2485
765 2512 3001 6092
2966 128 8574 6656
4575 2219 7751 2552
1585 183 7640 1177
7139 2143 7754 2686
2805 236 6469 2837
4964 158 7110 5801
2774 2888 5603 5061
1994 3809 6653 6111
4328 1032 5442 5201
3581 3950 8231 4504
1765 4987 7566 7799
5588 4120 5602 6510
136 1238 5632 8118
5411 2185 8570 5683
5650 1707 7155 8164
590 702 4345 4709
3094 1983 4742 7105
626 964 1623 6266
2644 2438 3845 5548
3775 4897 5534 5710
1136 927 6276 2141
462 5660 2270 8762
1314 1266 3848 2601
545 4274 5280 8090
2093 4457 2451 8667
2933 1303 7817 7795
4975 4264 5106 4889
2348 3739 3983 8858
1132 2150 8628 8028
3696 1849 7705 3059
6252 2100 6564 8457
1356 4905 5975 6505
860 4723 1044 5252
5045 1293 5770 8117
4466 137 6006 929
4764 3893 4811 4396
4348 2077 5400 8666
1105 3593 7803 7909
3605 2243 5920 7906
7742 2685 7961 4111
2061 2281 4764 6358
107 5215 8305 7915
1029 1857 7244 6781
1554 4077 4952 4915
4505 6981 4704 8714
1942 1942 7913 3514
3761 4327 3939 6648
2794 540 3011 3342
1746 3443 3768 3530
3349 3151 8379 5924
930 1719 3696 1891
2566 486 4638 2125
1464 3368 6374 6440
541 1388 5770 1768
1260 64 2148 5155
262 478 6780 4911
2440 1864 6044 9078
2184 1233 6910 2196
1810 2786 3761 5827
3190 3300 4046 3378
3532 2610 5853 3377
5118 630 7849 4207
7424 37 7908 7398
7682 838 7919 7052
6529 2695 7033 8423
1677 1600 3594 8140
67 2871 3415 7242
2736 5154 5175 7414
3194 741 3405 8746
4580 1618 7697 3725
2546 2724 4314 3299
3428 2667 6216 4901
1263 2746 8007 3437
4398 3840 4672 8812
1353 6040 2287 8164
2739 3064 7490 5951
6146 853 6877 1558
2652 3094 7506 8787
579 13 6874 3989
3786 322 7394 6146
1020 7173 4877 8515
6162 1115 6803 8057
2418 4302 7622 5770
6089 1766 8651 2607
3083 1131 3364 5112
187 2449 5842 3810
334 17 6833 5979
2530 7086 4790 9167
1683 2416 3731 5104
2847 4814 7114 8861
4841 366 5491 8911
1573 191 3243 8416
2319 8602 2681 9213
5540 2476 5699 4432
4782 1080 6859 5158
131 5432 4983 8490
1814 1648 7525 2306
5735 2910 8122 2971
262 335 3974 2647
2198 1282 4632 5745
675 625 6278 4423
1736 692 5840 1912
3874 1528 6302 6296
1586 263 7049 2837
676 2845 4004 8266
3034 1048 5008 1087
3718 2404 5028 6563
2399 3243 4510 9074
1904 6077 4712 7693
172 1345 8130 2403
6088 1958 7756 3494
2361 4047 4098 4237
1864 1897 8059 8566
194 566 5365 7071
5539 654 6597 5449
6428 3691 7372 7317
7977 117 8574 3753
3697 1180 3976 9161
5997 3022 6035 6171
2669 1680 3591 2120
1094 3269 4880 7586
5012 7746 6110 8695
467 3239 3596 6652
1247 2250 2767 6247
68 585 4506 6797
5074 2659 6931 3575
5536 4429 6849 6281
486 143 4235 964
2057 803 3161 4179
5494 3521 6770 8683
2697 6237 8305 8444
4895 4091 7222 7705
4218 4552 7527 6627
50 1523 3214 6134
1021 1654 5186 1880
1046 77 7714 3438
1317 7358 1537 9057
2717 2543 5727 7667
1581 5527 2553 8151
2357 2773 3495 6239
948 5380 7694 6117
2550 1529 5700 3157
730 986 4015 8080
4592 5162 7882 5785
4451 3015 6060 4785
3296 2378 4379 7213
1423 5505 5083 7701
5969 2659 7716 6465
644 1892 3843 8043
317 1412 5182 9104
1800 575 5608 7221
3339 5628 6312 8796
828 5722 7601 8213
40 311 2433 3029
1080 4912 6028 7784
6290 3411 7843 8057
2055 3234 6986 7217
1887 3975 4963 8964
3469 2575 6170 7012
280 3226 5726 8359
3623 3634 4700 4308
4277 129 5520 1686
803 1903 4363 4278
1091 4414 1892 8318
853 2881 1511 2976
1311 567 3820 1542
1623 4150 6640 6257
6214 4458 7766 8726
1893 1814 2832 5512
1821 1526 1867 3452
536 6548 2579 7025
1188 80 5469 9140
2442 5773 6908 6317
404 1324 5679 4983
1998 1361 8346 2218
173 3641 4747 5931
2508 168 3417 6272
1446 4006 5936 6894
6776 1540 8546 5072
3099 5300 4709 7797
535 2877 2583 6795
2090 4667 5876 7988
499 2213 8778 7590
1369 635 4190 2081
372 1471 7996 4025
2298 4987 6068 6523
5252 1605 6291 5573
5107 5694 6603 7688
1979 3817 3155 6937
1285 838 5619 7792
1585 69 3599 5043
40 451 3184 4501
4392 2611 4509 7464
805 1195 5252 5651
3167 1818 7559 2174
6920 1585 8392 9120
2482 3045 3841 4042
1623 31 8480 1803
1294 233 1784 7689
761 6055 4568 9157
6744 2280 8846 6572
5322 2632 6616 6686
2817 2907 7327 7238
1157 3995 5094 9063
1314 2232 8362 6307
5990 3279 7789 5451
841 7085 2328 7661
3373 5876 7446 7655
187 3952 3101 8925
1306 1519 5644 5909
4424 7247 8517 9082
3748 639 4397 8899
3084 5272 8466 8558
5054 349 6950 3018
1862 5899 2511 6555
956 2935 2333 3631
4218 231 6028 2559
1143 470 6866 4327
3103 3048 6340 6792
2048 1126 8502 4729
1063 2085 2431 3449
906 8422 2845 8516
4098 1636 4715 7898
1669 6323 5840 7019
104 2161 1597 8711
6493 4418 6525 5240
1535 3816 4867 6538
642 1641 6431 4189
3810 4750 6547 7358
3280 4875 6486 5578
166 8696 6468 8888
2695 3450 4466 5517
1646 4006 4643 6473
162 3151 3380 3189
1069 1273 4692 5864
8002 177 8609 2709
2752 726 8649 8112
1990 4063 8554 8758
3781 3532 4283 5012
3893 1604 8161 8581
6241 425 7001 6168
1698 122 5127 8424
1098 3750 2715 8831
2194 732 6758 2833
6489 3773 7357 3869
4319 1375 7548 4158
6395 417 8471 567
5977 2771 7997 9061
3703 2162 8624 5898
1256 2397 2418 8687
4233 4707 4544 8961
3456 498 4967 7015
822 206 4233 3330
535 405 7991 554
1100 3497 7005 3839
1197 3880 3059 5227
2265 1022 3959 1550
169 3307 3533 7808
3033 5098 5142 8906
2708 2426 5258 5806
1627 1147 2242 4256
2344 2300 4047 3020
74 6798 8263 7074
2599 4346 4942 5231
39 1081 2471 8366
2877 761 4475 3902
2300 2596 3652 4949
2105 1063 5981 1270
1363 4400 5236 6581
4821 73 6205 4368
441 1913 2460 8812
5831 3372 5907 4783
1736 3293 5734 6551
1441 2361 5164 3508
114 3807 7326 4562
2122 847 5035 8708
1244 4630 6178 7233
4878 2903 8467 3610
2198 2920 7572 3233
2405 2038 2883 3085
1644 429 5040 5360
3104 170 7749 2553
2129 6091 2165 6312
788 343 6815 8874
6060 940 8210 6064
966 1757 2984 6829
4426 4644 7585 5374
1584 4626 6529 7750
1279 1022 1734 1403
3244 2764 7231 2819
3771 3537 7023 5144
171 5766 8556 7257
2882 2134 3477 6344
28 3768 3065 7048
504 4514 601 4518
6107 722 8826 2175
4006 1345 7371 8156
3477 3929 6131 6230
1024 1258 5287 6598
4567 657 4959 1603
4188 6362 4396 6597
3240 4323 6244 7898
3849 310 6003 463
2728 969 6743 3088
3177 4713 4966 5900
1193 438 8214 8330
2695 4722 4341 5465
3625 2587 4079 6526
2370 1501 6739 4471
4723 2081 8642 3592
6799 5018 7128 5923
4728 1914 4872 3905
2137 2513 5340 4964
6382 889 7715 3207
4445 4210 5704 4827
2440 4637 3421 7200
3655 676 5357 3998
5232 7490 8300 8184
2654 3488 5454 3578
2201 6175 2274 7085
6627 2446 7613 5977
1095 913 6108 3772
4080 1656 6616 4978
4140 2651 5664 9165
2151 6215 7752 8105
3953 4985 4381 7816
2650 1695 3618 4367
1130 2763 7412 5544
2452 6367 8310 6517
3156 2059 5910 6628
3460 245 5154 3068
357 8032 3301 9013
3744 661 6530 2845
1562 1577 6625 2685
1620 2469 4325 6977
503 5205 7868 7061
7564 1050 8634 6593
181 1728 3119 2876
6031 554 7211 1967
803 46 4890 7315
5750 576 8749 6648
5624 1780 5902 7856
2258 2144 5625 7695
3590 969 5200 8063
3965 2756 8158 4107
2615 149 5050 910
2070 1585 3972 4230
3178 2890 4962 8348
250 1068 7685 2725
5731 1947 7234 3383
5013 2411 7365 2563
40 6288 4437 6339
4415 6803 7173 7503
964 7051 4052 9243
788 1975 1839 8131
1147 797 3459 4685
2144 5196 2604 7219
165 3155 1157 8985
5170 3329 6230 3873
4374 1731 4832 5683
3440 5362 4350 7972
6922 6554 8108 8068
484 2520 7128 7144
1189 1210 1265 4320
6198 679 6408 3448
1971 2355 2937 6092
2389 1047 8291 5923
1016 517 4349 4617
2054 2968 4782 5212
5367 225 6424 6024
1312 855 7962 1017
1437 2202 8148 7215
1380 3752 5425 9103
1037 94 1049 7666
1583 751 3365 8591
4156 739 8007 1386
2908 1208 5291 1479
115 6198 6086 6796
3091 737 5710 5744
2448 1069 6250 6466
2337 3383 7812 8973
3118 1570 8433 3116
2367 3074 5670 4415
512 372 8048 968
6260 662 8298 3895
4036 826 5667 4179
5266 1570 7010 7014
3248 4607 8049 7287
6564 2308 8332 2700
2355 712 4051 8241
3421 552 7830 637
2453 3812 2538 6531
2445 4787 7138 8310
1973 2464 4735 7859
3536 2502 7736 8893
1424 4616 6764 5239
4140 3301 7032 4509
103 816 1817 1313
2489 5923 5628 8925
2718 4343 3523 6951
4653 6879 6435 7589
309 6155 4918 9169
468 4635 5304 6597
1196 273 2734 6622
1749 8390 6453 8968
4030 7690 4522 8233
880 6322 8696 6873
415 2760 3854 5216
1944 7582 6229 8121
3264 3026 6045 4972
2067 3436 5763 9090
537 407 1253 1189
3178 2262 4550 6832
565 1154 5654 9205
2480 490 3247 6357
463 3810 4330 4219
4053 1148 4987 7283
1318 3011 8859 9198
3536 35 4275 4276
4675 1212 7085 7948
4247 4838 8627 8764
1773 3192 6368 5167
5883 3349 7904 6930
2062 4984 4968 7220
5585 32 6149 5876
661 5069 6947 5093
5163 916 6506 5580
7407 7399 7710 9233
4397 3569 6028 5476
4887 715 6310 3973
1980 3313 6072 4247
4271 2530 6327 9072
5722 3571 6447 7419
591 814 6526 7618
217 4922 3455 5161
6266 799 6815 8369
1123 8901 4297 9070
2653 2558 4807 3167
3386 67 5111 5066
2206 375 7255 8567
1546 2950 3420 3932
4114 3804 4455 5148
4674 3699 5578 5488
5174 7898 5748 8404
83 7355 2370 8156
7033 8484 7256 8977
4128 287 5771 2253
4970 4193 8197 5109
4308 3962 4878 7205
939 3 4253 1752
3832 2465 4901 7071
1281 1359 4311 5291
1493 996 1641 7426
6485 2971 8500 3252
5144 2682 5942 6266
428 1083 3807 8532
1172 5752 5991 7522
3518 3434 4952 5822
3283 3058 4630 4158
3547 7497 7760 9225
651 6100 1789 8228
1691 7245 6740 8995
382 3663 5695 7949
487 8051 675 8881
3415 2809 8446 2933
2740 2872 5462 7081
3705 1468 7238 4203
3329 2532 6729 4563
5309 549 6465 7886
2399 2816 7542 7988
4193 291 7315 1362
1160 3954 4944 5440
213 1485 8158 5498
5182 6134 7263 6335
4212 4664 7449 7548
451 2316 8667 3929
1966 546 4827 2038
2664 5870 6961 7485
354 2938 6088 8133
94 325 4782 6450
5410 3025 7009 7728
3375 5663 6867 5866
39 863 1732 7129
1039 5364 7247 9125
5918 6217 7273 9009
2227 4785 4765 7883
4102 3360 8840 5335
6654 3164 7273 8786
5796 3079 8730 7344
7610 1929 8316 2291
2107 1240 4176 5302
5312 2992 6096 8000
3548 3152 6684 9240
116 2604 6329 6532
1914 1041 7402 4692
3055 2351 3729 5789
1012 695 7415 4525
1412 984 7512 4013
1945 30 8854 5962
382 6204 2939 8851
4786 6562 5691 8693
5713 6176 8056 6590
3091 1726 8439 4025
3621 4920 8739 6029
2780 2831 3188 6163
1591 2073 4738 2339
169 2090 7479 3997
3393 1353 4959 7959
5004 330 5990 9246
1173 340 4858 2068
1790 3004 7719 3162
2178 4161 6593 4909
1129 6599 5184 7838
1659 1081 2874 2799
534 692 5051 2732
6517 4284 6737 4995
1891 853 7497 8388
573 4211 6252 4339
1543 2404 8062 5858
3174 4325 5950 5742
395 914 5112 7188
6743 5326 7784 8356
2615 3939 3272 4281
3736 3555 5939 4511
333 2083 4310 4902
5748 247 7104 2508
3915 601 4102 2325
597 2283 6919 3072
825 1877 5493 6290
1346 313 7538 4875
1547 8671 6146 8873
5252 206 5781 5942
3893 3917 8276 3991
12 3893 6154 7835
579 571 6246 589
885 5183 3037 7792
2312 3131 4394 8526
6181 1730 6708 2426
7080 3240 7116 4822
901 7763 7322 7854
1012 1081 3449 1380
191 3541 1088 5462
5059 2894 6120 7186
2361 1889 7887 5911
1618 7018 1719 8938
6074 921 8172 6516
141 652 1420 5927
149 3692 8415 6707
2276 986 8102 1732
2358 903 6381 3840
5937 1393 8449 9251
2798 1099 5194 3737
7087 1151 7567 4653
744 6946 3131 7298
1423 4771 3565 8972
6037 1044 8530 4264
5616 5737 8415 8120
1831 3809 5875 7664
67 3164 8393 6518
2130 4622 3499 8324
5707 1572 6953 1745
699 1119 1640 3770
2860 4880 5890 6421
1136 1629 5080 6628
2800 6161 3456 6739
2343 165 2955 3390
224 3527 1623 6608
5484 747 5847 2084
7458 1678 8424 7032
1682 1761 5147 5807
527 3289 8652 3586
1481 3535 1508 8983
798 7036 5053 9214
1819 1740 2011 8002
2295 474 7420 1820
87 2054 8819 6031
6128 1419 8005 6880
3861 5345 8540 8471
693 3410 1472 3535
6379 6752 8673 6963
4098 5147 4984 6259
590 6622 3730 8248
4750 3945 5750 9134
4008 601 6120 5029
1742 1085 8394 4687
1063 2309 7258 5217
2287 1338 8425 2003
5648 3386 8506 3701
5771 8543 7826 8947
1989 1617 6336 6023
1535 588 8218 5648
7810 1330 7963 6939
6348 4947 7836 6477
169 1509 6439 3458
1516 3331 8044 4686
4454 550 7923 3191
1625 941 1752 3768
1959 3134 6133 4491
4997 995 7581 1156
1563 557 5198 2841
962 1727 4218 4923
1073 1884 3555 3623
3905 1168 4675 3600
49 3593 4576 5794
4021 521 7577 2139
2760 2374 7850 7372
1978 1552 4919 2760
687 2690 4504 3100
417 4936 1104 8786
1822 865 3810 8009
853 19 5656 3242
74 6456 2992 8634
1542 3473 2221 7811
6181 512 7377 6522
5315 4576 5946 4731
3830 4811 8634 8505
2795 1409 5984 4587
1373 7823 2184 8584
4587 2410 8719 5365
4774 447 6776 3820
3369 4595 3580 7029
3680 3088 7957 7547
2355 5572 5133 8519
74 1783 8222 3914
2692 842 3790 6875
1625 6449 5460 8347
661 76 7727 1355
131 1417 2406 4805
1898 500 5242 4338
305 1603 4982 3942
1225 231 4135 3485
2006 3094 3699 3194
2052 1451 6252 7019
2167 3773 7234 4326
1654 980 3664 8006
5773 182 6957 6912
3375 2793 6888 3162
2156 2230 7532 2651
5557 4511 6965 8862
8 704 7554 4580
6360 1076 7896 9127
1746 3668 3321 4072
3886 5522 5452 5758
981 1048 3993 8592
910 1036 6825 3561
2343 598 4460 4264
2629 3100 3442 8478
1506 1979 7747 7521
5495 750 6025 8723
1065 2317 3166 6671
1791 2265 5726 8511
5817 3881 6727 7341
2055 746 2673 7011
1365 1879 4348 4439
4162 452 7299 6522
1047 786 2984 4562
2630 1525 2906 2922
2931 4492 6631 7989
2101 2411 7585 6383
3731 3595 6175 3720
5942 1559 8039 5469
3798 3392 5063 4046
483 4543 1036 7525
3815 3737 3949 7880
6264 1643 8394 6266
4575 2538 8157 3668
881 994 8310 3772
1116 1582 8070 4173
1393 3094 8422 3274
5160 3276 5208 6244
4185 3511 6462 6200
2996 758 7279 2425
34 879 3594 1357
3749 1446 7403 8330
1128 843 8633 5388
2798 1188 6046 2045
1900 4838 5829 8010
4994 710 6084 8512
763 2151 2137 6475
2267 2322 6690 5485
3766 1426 3997 7761
2009 232 2590 8665
1809 6769 7523 8571
2142 5104 8408 5205
2036 34 6676 8849
2268 2409 6446 7404
1434 5074 6970 7068
932 3996 7837 9097
3810 6120 5804 7739
4948 3552 8689 8094
5456 4622 7107 8469
3195 1253 6982 1630
1396 1254 2204 3011
3362 4155 3519 4263
1159 391 7867 2797
646 769 5702 976
8343 2456 8819 5505
931 931 4430 4015
7477 2980 8313 9128
1281 7124 2014 7617
2453 4890 8735 5504
1030 4566 1516 5709
3470 6529 4929 8300
1853 1262 7560 2594
1539 3351 7147 6476
2423 2804 8688 4545
2345 678 6370 3934
5679 952 8598 4292
1363 909 3318 4602
898 1556 1176 4420
1796 4732 6230 7969
6620 6733 8070 8128
6912 4963 7424 8175
452 2935 1137 4813
2337 5092 6658 5109
2879 6879 6645 9027
655 1 6808 8741
8083 4065 8642 7167
4186 4429 7443 8901
4647 3669 5929 6119
1505 3720 3941 6713
1593 5117 3112 8041
5986 2003 8451 6806
954 931 5512 1368
6558 2798 6659 6002
3355 5726 7968 7879
4669 6 6424 7078
1246 2125 4172 2427
1682 3815 6210 7054
1585 6271 3023 7421
1151 5207 4508 6039
3754 1884 5952 5274
2595 2277 4708 5244
819 858 895 2152
4217 1176 6012 2029
1738 4794 7200 8381
968 6274 4508 6931
3324 2773 5581 6305
3640 6014 4337 8409
5850 929 7004 1354
3043 4118 8860 5728
2658 651 4159 4592
3679 5849 8020 6690
1454 4841 6879 6673
546 1103 5049 8958
3362 4184 3815 5726
6114 648 7518 6962
5579 5939 8833 7930
2991 2302 3284 3020
5103 5531 7368 6665
4156 4219 6384 8561
2778 3394 6277 7165
6927 240 8276 6179
4390 516 4557 2362
2246 1867 8655 5580
1209 2266 6024 8418
3549 921 5622 9197
6865 962 8733 4395
4715 3628 4788 4612
2053 7137 5193 8768
5625 5843 6911 8781
2687 2641 8230 2906
1360 5192 3126 9234
5174 2952 7798 7933
123 2104 5162 2888
4921 2566 6068 3785
3406 1367 4807 4231
2071 3353 6378 4388
5535 2601 6271 2759
4336 1783 7813 4795
275 2553 8212 7588
6005 2581 7034 6142
5367 3607 8087 5978
2193 869 4993 6275
158 1887 490 4245
206 3394 1656 8749
6959 2501 8285 8953
2659 3607 5928 7641
3166 3597 3295 6962
1539 6721 2884 7600
268 2331 5817 3542
2002 1608 2407 6207
3220 754 3697 8479
955 2458 3691 3810
363 1838 1348 2220
4220 1 4868 5185
707 3380 3028 8619
841 2486 8565 2905
1038 3791 2894 5922
755 576 7021 6728
591 4223 1927 4677
3072 5131 5689 8027
511 1732 1424 2729
3113 3837 5727 5308
7451 4930 8428 5458
4323 404 6541 2873
4568 2719 7688 3085
1998 4159 6735 7753
114 2535 4017 8208
3861 1857 6357 5079
2906 485 3489 8061
1884 767 7870 9204
5106 3280 6916 4987
2914 7468 6170 7960
2530 7137 7742 9088
2498 4483 6470 8061
501 2121 1892 7858
362 1634 3376 1725
369 101 395 6703
3624 8464 6155 9170
5742 3061 7424 3974
617 1071 5962 7806
5692 481 8325 3650
833 501 3686 2710
5586 1701 7641 3984
2140 7195 3672 9099
2364 3302 6013 8046
4017 27 6897 5913
1425 134 2154 6815
3960 2617 6797 7435
2713 7687 2755 7894
1200 272 8336 781
2673 4924 3451 7132
188 989 6701 4693
1091 3372 6871 6264
3338 4029 7014 5562
6795 2854 8242 3522
3831 1636 4495 7081
1148 1226 4941 6721
1641 2633 6126 2919
4137 5255 7158 7126
4635 2733 7381 3888
8263 1739 8494 9007
3622 1512 6559 8607
694 3663 1105 8132
1054 2916 2210 6090
5504 6792 7492 7460
838 896 2067 6406
1522 793 8329 3520
2076 1123 3467 3416
5319 5651 8258 6961
7255 4610 8442 5312
569 62 1349 4971
635 7637 2127 7775
6539 649 7593 1691
3123 2082 3931 6426
728 4256 1273 4374
3704 1641 8447 6343
1227 3855 7486 3915
3498 3958 4341 7055
8256 406 8457 3389
140 2037 7230 4985
6138 2227 8574 5727
1714 2259 2871 7975
3209 4870 3842 6578
6665 4199 6942 4406
911 3164 4066 7219
2995 3484 6717 5024
4809 1905 6949 2727
421 3053 2708 5007
549 6210 5736 7455
1139 199 5709 2199
6305 745 6616 2754
656 3026 6601 8143
4843 4746 7063 5209
4948 3462 5411 7928
654 282 2852 4176
1545 1801 3338 2033
5317 6692 5714 9221
2138 2769 2349 3778
2711 733 3529 4152
1373 2046 5506 4498
2120 1410 2856 1945
4956 2598 6781 4893
4954 5841 8498 5959
552 1068 7067 1709
5084 4515 8468 8234
412 352 5015 4959
2469 153 4471 2399
1272 4981 5118 9243
6449 1273 7753 8553
3519 2981 5646 3282
3585 2699 5893 7084
3615 1337 7607 3589
911 2073 5956 4760
1327 706 4418 2240
4830 106 4922 4962
2199 4183 5925 7853
2311 2192 3978 7503
2306 3680 4210 7333
5473 3128 5863 5775
4008 1015 8587 1158
1434 3266 6156 4925
2371 5003 4047 6818
3231 1865 4886 3735
52 4333 7864 8607
3534 2992 4291 6173
4812 2147 8590 4003
957 1041 4747 3219
4282 1899 6584 8134
2304 2132 3006 7814
4793 3282 8524 7110
882 3769 1316 6665
5397 1950 8134 7542
525 2355 1952 3188
1022 2973 8853 8236
4637 4295 5111 7527
546 1694 3327 2163
1622 116 6249 6219
1283 4019 4144 8230
3397 1169 5192 7785
5390 1568 6644 2297
3728 2979 4334 3272
6057 2392 8437 3673
1965 280 5595 4865
1419 2617 2772 2763
4454 3135 4993 8578
7007 395 8279 6678
2729 239 7091 4924
3835 108 6595 7482
2840 1775 4651 8040
3975 730 8769 2237
6432 4709 7433 7466
3864 4703 8551 4982
4115 1267 4998 5258
326 735 407 5437
96 442 6583 7731
5138 6348 5783 9208
1373 4366 4920 7754
479 8387 3384 8890
4606 3233 6409 4454
4079 213 5206 4746
1721 4966 2083 7885
461 2321 1951 7381
869 554 3982 9146
3453 1710 3930 8291
1625 2722 6235 5186
521 3126 6518 3810
19 1747 7614 5591
441 2060 4889 2451
6891 3705 8852 8650
2409 61 2414 2362
3131 571 5597 2497
3608 4962 7355 8331
146 2375 8801 2666
3874 849 5346 5434
4845 1457 6208 4925
3602 1088 7028 2411
2309 7128 6878 7701
4416 2200 8003 2772
2095 2275 6094 6700
104 2124 474 3265
3044 3849 6475 4885
3246 1593 7026 2152
2088 3272 2160 9169
2288 4101 4259 8853
3072 634 8719 3274
599 1768 6517 3063
1624 593 5247 3612
2094 2216 2246 9162
8529 1175 8579 4880
5949 4595 6334 8276
3097 2258 4903 6974
3763 1872 4834 4617
2093 573 2683 8538
45 1055 4095 4290
4115 1382 8346 4292
5424 4908 7360 7528
3572 3148 4285 5297
4369 185 4648 8860
1409 507 6636 838
6906 2139 8198 3467
2187 5890 7510 5903
2060 3798 6502 4921
3121 5130 5172 5516
1644 4499 4651 6860
2714 1376 4392 2061
539 17 1266 7770
5655 1585 8064 9149
3419 2148 5483 2256
1487 3121 6377 7552
2421 1235 6695 5532
617 4539 8696 6453
6289 2397 7320 3152
112 2224 5182 2970
6142 79 7609 9137
3139 2919 3346 4771
358 743 5769 7099
555 7673 1799 8418
6390 1520 7242 2142
454 1283 3831 3910
1562 6979 3931 7052
2111 4022 7169 9204
767 1482 1210 1572
1335 2732 3293 3403
817 4819 2242 6418
2446 1940 4044 4034
752 2394 3147 4296
2411 234 4007 4619
398 871 7702 6790
2403 2060 7190 7333
1622 3826 7598 5324
1666 4087 4909 6255
1166 512 5894 2497
1412 1310 6977 4828
2745 1060 2811 2430
2142 3058 3406 8113
2779 3672 3710 3763
78 384 3398 9053
5200 3303 7883 7390
3172 1470 7135 6970
1160 4524 7153 8689
2811 453 3603 5285
746 2774 7750 9048
1628 4224 4482 4231
621 1090 4200 7098
3299 761 4826 5680
1362 4100 4542 6139
1619 2630 3016 8294
464 418 1429 3306
4526 3518 7309 5528
724 882 4954 6150
252 2362 449 7519
1025 1457 2267 8668
646 571 4337 7538
4275 4760 4553 5947
2249 984 8443 6157
3060 864 4259 9202
440 152 4097 1278
3401 3104 4074 6501
5106 4495 5614 6485
1251 3362 1382 7442
4215 2436 4443 7812
3495 3453 4599 8918
1050 546 3952 4762
958 1076 2906 5766
3443 3774 3969 4620
974 1668 2445 3694
2485 4852 5975 7039
2737 303 3064 1335
349 2577 8347 4195
2289 364 4926 5498
2360 156 2909 1584
662 7548 5128 8990
2184 3501 4435 4523
6399 2904 6430 4595
3443 4623 4935 5489
4441 2927 5658 6996
1652 3404 8440 7062
7404 3813 8179 3871
497 2998 2655 6377
4472 1057 7536 4662
35 1456 5696 7073
5733 7863 6373 8701
6801 674 7974 2078
639 5969 2042 8817
1625 3781 4371 8429
135 1627 5722 2301
5793 1453 7135 3037
2711 3044 6733 5803
972 2828 5071 4899
295 2778 8831 2924
844 1085 3241 2452
2498 438 5862 8033
2342 3743 3646 8758
155 1840 5927 7731
1606 379 2659 1612
1612 4991 1672 7228
3920 5339 7296 6207
6168 7971 8804 7982
2928 4427 6180 6366
2664 1550 7354 2541
579 5106 2731 7589
4739 5054 6487 7620
1995 484 7250 1651
3886 4693 5907 5549
993 545 2233 715
3377 17 4136 2402
3422 715 8285 2482
1247 1486 3888 8633
3049 212 3735 5792
1986 2878 5806 7291
545 5662 5942 6131
3300 1504 3522 8187
2349 4477 4707 8056
4124 744 8845 7364
1868 3571 4791 5240
3544 3961 6747 4910
1908 225 5158 530
544 2798 1824 8555
2978 1566 6620 4613
4690 34 7863 1910
1041 2453 5558 6147
3468 4144 7655 4461
123 1031 1529 6499
1616 6206 2029 8082
1713 1705 4324 3183
602 1812 4010 4056
648 2716 5492 5674
81 3477 2169 6525
3044 1464 8835 2867
3174 3329 3874 3537
3507 2799 8434 8075
1956 2989 7926 3418
7250 3159 7583 7780
2747 967 4248 2513
7041 2143 7271 5472
6457 1587 8121 6363
1188 3270 3015 8686
1227 7658 5968 9052
3266 4634 8425 5332
2634 6105 2788 8542
2358 3233 6484 6325
934 100 1588 5710
1936 4549 2108 6616
2247 517 4079 5987
6129 4628 7102 5166
5041 4937 5496 6113
7394 2271 8851 6019
29 4889 4459 6866
3960 386 8687 3370
7242 474 8441 604
191 1680 4961 8517
1717 727 8338 4505
3763 3369 6894 4424
8226 5756 8355 9174
593 588 8123 2600
2803 566 3850 5045
1017 362 6895 5049
80 3616 4892 7019
6009 34 8228 3950
4734 2961 7161 8104
2483 42 6024 3960
3426 3331 5914 7653
2730 6198 3633 8929
1938 4233 3898 8722
7812 3510 7983 5992
5917 3328 5923 8588
2458 4134 7414 8536
1992 67 6222 1960
2678 4567 5135 5769
1604 1654 4526 2562
250 6439 3670 7711
3507 5358 3535 9010
1015 234 4655 5377
2358 1514 3206 1711
774 2180 2173 8304
955 5143 1148 6141
2701 3669 5616 4638
2601 564 7997 1429
3028 1499 3329 1933
645 3884 2790 6168
6978 1695 8679 9003
858 4619 3756 5624
2386 2383 5176 2897
4291 781 6964 3039
390 3416 4559 8384
504 6272 4206 8516
2823 8315 5672 8707
1186 1358 4264 5462
2697 2117 3664 4193
4489 3683 4945 7550
3784 4110 6162 5417
601 4338 8152 5432
2493 6213 5733 6586
1482 1855 2250 4559
3158 459 8719 6826
5264 5731 7264 8866
1857 6239 2602 8639
827 5476 1474 8358
4676 3244 8078 7045
1974 2343 6045 3752
4144 637 5507 7263
1304 4247 5288 7081
1397 1916 2983 3321
261 1566 3991 3582
531 3364 6532 8051
1692 3736 4134 8803
2953 5328 4695 6667
2965 2135 3166 2749
1186 6247 4438 9072
4485 1429 6442 3137
5517 2479 8698 4757
5412 1395 7508 7483
6332 2052 8030 3261
2565 7434 6982 8767
6504 1487 7741 2193
2068 1878 2153 2453
2745 472 5385 4635
1029 852 4176 8946
1429 1434 4010 2812
2642 5864 3184 7164
4132 1562 7892 4761
1009 3769 7729 8263
1138 2044 5437 8211
7648 3690 8686 4048
1025 2972 4757 7235
6749 3105 7824 7928
531 584 2305 3264
6341 984 8169 6965
1123 436 7217 6862
632 6965 4768 8893
1037 2394 5137 5321
45 2492 8205 4274
3024 477 4954 2911
7496 2734 7715 8415
5138 2751 6195 5481
4242 2006 4787 8612
697 1090 5247 8862
2350 2881 3234 7472
942 2176 3935 7259
2007 4334 3625 7354
35 2751 3382 7561
4282 913 5995 5218
538 2756 4777 4933
5858 2966 6292 5388
163 4297 4190 4809
2455 189 5407 1124
3172 1581 6090 1804
1778 7284 4495 7349
3252 4622 3683 8846
6372 1660 8621 6921
3243 1885 3431 3741
5194 3058 8372 7788
11 1370 5435 2075
836 3705 8680 5190
7927 598 8668 7060
5536 2552 5637 7536
2575 1631 6569 6841
5855 5641 8185 6559
2466 2796 7807 5768
5513 5272 6712 6366
940 5308 1700 7211
8436 1036 8784 2059
6077 61 6227 7884
3967 32 8056 9126
1627 2887 5619 5413
3360 777 6994 8022
2600 369 6240 2998
4416 2610 5023 5522
7125 3953 8497 5266
2860 675 7762 6869
3341 1239 7281 4561
743 1816 3824 7234
4895 6954 7442 7083
3141 6333 5952 8976
4916 3453 8445 4331
5588 3219 6671 6125
662 2558 3623 8256
523 4904 3981 6312
740 1021 5185 1365
198 1296 5281 7286
2733 5387 3080 6727
44 8149 7052 8859
5643 2149 8335 2747
880 6132 7002 8519
1372 908 7425 8263
1946 723 5906 1968
1137 2304 2536 3179
3585 1708 7004 5223
460 4428 4585 6161
4190 6625 7248 8411
4235 2563 5152 2599
339 1398 7609 1621
5156 1398 7045 8625
326 1873 2440 3056
4236 4199 7452 4770
3654 409 6424 8727
3181 907 5212 6212
90 6290 7419 6609
2394 1312 4304 1580
1997 2147 3086 9166
791 613 6991 2342
4486 3312 4526 5169
946 35 4479 3296
2584 3925 7969 6668
2656 596 4082 1128
505 1639 1127 8568
930 6149 1091 8618
1375 3477 6971 8492
1514 523 8238 2900
6199 3785 8765 6726
3804 5239 4883 7696
6763 3420 7052 6386
3688 8546 5529 8999
4002 2597 7206 4834
342 5975 4039 8328
1358 2209 8249 8840
4378 4611 7104 8377
3703 2017 6675 5027
1459 4381 2725 6593
1003 691 1649 7699
977 1764 2302 3530
2805 6966 7075 7690
4562 531 5415 4611
1251 4900 7056 5074
783 4106 5254 7951
5991 3607 6136 3611
7379 1039 7588 2736
816 1939 7387 4881
4999 3293 5527 3798
911 925 8040 1382
1234 1019 5451 8030
6001 448 8125 2824
2995 904 4273 1754
4008 1831 6046 7195
2138 2444 3976 3331
4631 3966 7870 8969
1224 1092 1381 8043
4 3302 5208 5398
1884 1605 5787 2262
7081 3097 7134 8993
3964 754 7037 4184
17 522 6056 7298
40 4056 722 5451
4820 2691 5669 6477
274 3423 6276 5818
963 793 8248 6939
1621 6636 1948 6693
5509 1784 6646 3378
4070 1526 5023 2109
1467 495 2851 8820
801 1730 4061 6136
2025 2528 6171 8553
6731 1549 7757 6788
6830 1987 8327 4937
1026 159 6606 7089
4316 1946 5073 3660
1866 2931 4452 4427
188 2693 3085 3887
2616 4438 2740 5929
4307 5423 7879 6907
1814 3712 3907 7497
626 2302 2121 6101
7726 2487 8201 8086
1536 753 4534 1130
2178 34 4823 2033
2845 2695 6990 6605
1485 663 3280 4705
1261 7299 8749 8143
2621 4709 5286 6039
3270 923 4632 2228
4256 1164 6599 4679
729 591 3000 4985
3294 4004 8345 7842
2034 936 5494 3824
3421 2131 7090 7223
2520 3051 4957 8738
1812 493 3126 8215
1277 2413 2943 2859
397 2417 551 6803
1808 2394 5300 8972
1137 3359 7617 3505
190 1064 7646 3555
4631 4666 5527 8744
6842 60 8448 5054
1127 2138 3039 3567
3817 5357 8004 5860
2049 5531 7427 8188
3536 3167 5428 5375
509 7468 8129 9212
7761 6794 7844 9093
542 2127 4484 4595
2137 430 2614 6845
2668 1400 4622 6811
2000 1574 5060 7722
2924 6793 3182 8669
1134 649 4134 3115
1765 127 6149 4048
46 2358 6080 3558
1167 4096 7335 6010
1192 989 1490 4483
2817 778 5713 8779
2936 5858 3695 6331
3697 1586 6983 7093
5793 363 6137 1433
2642 709 4618 4422
1366 1265 8703 8690
2981 5008 6638 5462
2979 1793 6745 6736
3069 2673 3091 7011
2120 1219 8762 7452
315 46 3325 9177
3666 7204 5449 8315
2591 7521 3466 8896
1664 3134 4664 4946
1253 2393 5551 8946
3366 3743 8637 6126
2437 963 4425 2177
5101 2229 6745 7666
6656 3382 7963 5660
1891 261 4744 879
1105 3445 3967 7554
6147 1503 6293 2486
3611 6413 5959 8682
3281 2741 5282 3287
5112 2362 5712 2979
631 195 5813 655
654 7788 7602 8916
3697 713 4951 3315
2096 5079 3507 6148
2193 967 7866 6530
4128 1337 8788 7389
2802 2880 5878 3778
987 145 5269 7660
504 2398 4008 5766
4587 4062 6170 7057
4457 2640 7380 3982
4425 3647 6749 6152
349 1828 4932 8934
1656 295 3551 1293
1008 2503 2459 7009
1485 2410 4323 2746
2193 564 3543 4729
6591 5348 6836 6730
1898 740 4346 9244
5058 730 6584 6041
873 4446 1193 5364
4945 5943 5838 7958
6090 797 6892 1903
265 728 8199 3659
1873 515 4944 6059
3068 7304 5881 7416
2418 2584 5768 3695
4336 4765 4595 7053
791 4633 8477 9146
2157 7050 6235 7919
7362 1682 7841 7777
146 6869 2912 7981
2700 252 4829 5692
557 2718 5878 5321
2668 3640 4283 4905
5178 1676 5527 6030
5054 3161 8164 3243
6400 1373 7201 7852
1858 2297 2681 7564
1399 278 4137 8208
5307 5510 8217 9197
740 7307 3263 8849
302 4164 920 6002
1391 908 6052 4421
475 1079 3819 1219
2454 1489 5465 1973
3077 1840 8297 8763
3360 2014 4130 5361
136 1153 2446 3354
846 1851 3817 8923
2826 45 6802 3338
5080 6145 6318 7543
1113 7164 5913 8516
3664 382 5165 4449
3371 318 8268 6919
913 616 980 1070
1455 377 6411 3248
1627 1642 4149 8592
5753 564 7467 751
1728 303 5221 6820
1609 2638 6754 9216
146 6559 3126 7030
400 837 6154 2588
3950 3867 7554 7347
385 861 8688 6826
1927 4227 2326 5991
489 623 1958 6805
2463 3375 3974 7489
1722 4795 7293 6467
1369 5842 4779 7254
6298 2823 6626 3119
6592 1849 6901 8494
1033 3144 2137 6030
555 2808 5848 4714
3830 525 5106 4264
2441 1603 6093 3120
3237 5897 6989 7297
2463 2011 7366 4318
4608 646 5369 6271
4180 1657 6133 3419
5670 193 8573 2736
343 1991 1851 6315
1260 405 6917 1184
2012 1745 5091 5649
3688 3606 5588 3692
8431 4391 8494 6994
1329 526 1744 8813
4491 2233 7500 2300
4272 4192 7649 4727
7296 740 8444 2089
4805 16 8515 1356
2443 4912 3806 5003
4894 3922 5273 5166
1516 2459 2490 6488
3638 7767 6001 8793
792 8064 7057 8627
2208 7123 6638 7577
1148 1017 2340 7460
1648 802 6309 1492
2114 1010 3997 6925
1694 28 5060 4398
7613 5960 7788 8867
591 1985 7109 3792
3240 2137 7432 8477
968 1009 2179 4929
1679 3433 3010 7542
1099 3302 1558 5069
1861 1123 5505 4847
3690 3064 4781 3486
458 132 3397 2297
3436 5247 5147 8331
5297 532 7246 4972
1825 2644 5725 5788
611 3534 4515 4132
30 1852 1463 7115
1253 499 4629 8143
1166 1178 4577 7114
1012 4552 5742 6991
2437 4813 4840 5812
3097 6266 4675 7404
4406 1094 6161 3718
3207 2024 3805 6985
2367 5074 8391 6497
1249 3959 7362 4218
5950 6623 8332 7478
5926 1763 6449 6524
871 618 8139 2089
2284 2281 3965 2723
304 3212 3475 6129
7310 4379 7472 9184
1853 712 3509 1054
2939 81 8569 3334
2517 2612 3518 2664
5530 203 7514 7205
1062 4948 2451 8036
3831 722 3883 2317
3458 4817 7767 5304
544 2523 2768 8474
1031 3861 7533 8660
476 3366 1729 7197
3563 3312 6600 3431
1405 1059 4580 7201
5583 4553 6553 7641
4138 4269 8305 7386
1263 3414 4747 5710
1245 4769 4291 6329
1415 1671 5478 6206
4094 2153 5421 9017
3090 1940 5315 3333
1874 3202 4805 5849
3956 4708 8364 5752
5701 2059 5705 3018
7034 415 7900 1764
2972 33 8493 8218
1905 249 4073 7517
1664 4084 4446 5823
924 6421 7850 7835
4060 2766 7533 3333
1815 595 3296 8412
1916 7987 8393 8934
5676 191 8184 790
1763 3043 4538 3416
1509 571 4283 1888
3058 4484 5455 8570
7345 2722 7972 6201
2839 43 6877 3044
5323 35 6174 1379
5936 2378 8477 6744
423 1562 8018 1766
794 5258 2417 5326
3915 1675 5467 2178
3735 4474 8814 8519
4842 432 8230 7707
4078 3040 7729 6017
3637 5728 8580 6410
437 4660 2497 7604
1077 1595 5476 3530
1829 1918 6047 5420
42 1398 7063 2042
1828 52 8250 4416
2618 2347 5383 5266
1852 7112 4248 8293
835 6752 8106 7965
885 1535 5225 7227
2821 2862 4926 6780
7228 431 7759 8123
746 6703 6693 8384
3285 3071 6102 5022
170 1448 5451 3969
5241 5919 7060 7213
1056 571 5346 7243
5105 778 7847 7630
2289 522 7995 4226
2421 1734 3986 5433
7700 1614 8180 2875
743 5359 839 6722
6833 1703 7822 5281
1398 4207 4956 5653
2459 2290 6572 5166
2884 668 3086 2674
2347 2368 5269 7574
3629 8404 8722 8577
4375 4439 5677 5806
6292 2156 6464 9094
3671 4262 6940 8093
4583 1592 6146 5474
3013 5136 5417 9140
227 3741 7786 6583
1682 1293 7940 4514
4932 6710 5479 6929
2802 2457 7784 6822
3013 6048 6338 7489
4653 3068 5666 3858
1781 5298 7690 5541
528 1777 3243 3225
1135 1918 7577 3040
1536 3916 4790 4890
415 3947 1225 3964
2398 588 7001 4548
263 7169 1396 7816
4586 2178 8695 3282
97 3876 3806 5741
4011 5698 5800 7803
1392 4369 4860 5857
517 3985 6337 6768
74 5178 4428 9252
2689 674 5958 7300
2289 388 2579 7353
2471 2543 3846 6285
1969 5163 2770 5548
3801 218 6117 4745
2818 3164 7084 4787
1149 2128 3682 8689
5048 975 5385 3691
6606 2028 7931 2776
436 4964 653 7614
473 6049 1908 9210
1694 5377 8178 9156
3188 2067 6888 3153
563 3969 3164 4111
3959 7419 4669 8868
2864 5371 3196 8360
452 2532 4954 5970
739 123 1343 4232
4272 401 5343 7929
3088 2318 3110 8783
1056 28 4216 9169
377 991 4724 4170
231 6842 1180 7958
1870 1534 5930 2775
829 6583 1767 9218
5078 5915 6206 9151
4082 1208 6881 5540
5407 4532 5836 7524
793 5318 2614 7360
883 2312 2641 3795
2422 771 5107 5584
398 339 4641 3136
343 1357 3740 3171
4443 1424 5161 5858
1941 5101 3014 5221
655 5250 5151 8385
689 3182 7727 3625
2482 7329 5113 7860
3799 2316 8266 4506
1935 1147 7005 4002
3914 3877 6146 7279
3931 431 5492 1034
4559 4678 8174 7283
377 6909 1780 8282
3293 303 4603 3292
2787 155 5944 9120
1213 1764 8148 7908
5999 1590 7479 4019
5645 98 6754 379
3096 5473 5520 6456
3508 927 5497 6013
1460 1580 1941 4100
1699 3360 5155 6300
5753 3271 6350 4842
2811 708 8355 4267
454 5560 8211 7941
8157 6364 8572 8818
2911 418 4365 5908
201 4677 1583 4723
4226 6697 5295 7489
3973 1557 6723 8911
5529 1654 7204 2393
2114 449 2765 4730
730 1198 2881 3113
1195 195 1438 8330
2779 5521 6775 8176
4061 514 6948 2562
2420 5093 6243 7280
908 5466 6732 9143
4108 2389 7411 7901
2794 8425 3060 8911
5474 5670 6008 5748
3741 265 4855 5644
3203 1446 5397 6470
4241 8252 4257 8587
4162 3326 8267 4459
1788 381 8562 634
5710 2106 6719 4042
7382 1322 7553 2512
1846 1141 6021 5382
104 5093 4482 8743
4720 1813 6603 5426
1261 4055 3312 4571
3239 466 8484 1354
2658 840 3633 5668
1747 2944 2329 8113
1402 3780 7210 7687
4075 4208 4612 8009
1873 2817 5221 5582
907 2540 1195 2727
1848 2151 4731 7129
4919 1106 6288 3638
1447 5858 6768 6130
1971 5550 5420 5745
1645 833 7405 3008
823 2450 3845 8228
4931 2848 8670 7979
1343 4733 3466 6737
1465 2332 7570 3389
2018 10 3368 9156
1097 4321 8763 5655
7152 1822 7440 2931
2384 495 3804 4208
6130 3475 7521 3730
2351 3829 4724 5359
2756 1799 6502 6114
8019 1837 8682 5409
1075 4799 2435 8266
4076 3837 7617 7268
6313 6769 6771 9181
3566 6870 7182 7783
1755 1698 6126 3509
4480 4287 7183 8139
2877 2158 3763 8879
903 4310 4720 9197
3109 4559 8598 7213
1766 1716 4087 3144
5263 1535 6787 1942
2100 3677 3623 7955
1871 2599 6934 3602
4781 113 4797 4711
3688 459 6230 4419
1443 2832 8455 7924
6164 2128 6569 2354
1990 1150 8622 6952
2497 3822 5347 7758
1355 6810 5913 9155
388 3666 2572 7644
1688 2732 7476 4566
1355 7201 8173 9150
1831 3068 2986 6048
4340 2866 4947 4144
1734 7759 2258 8776
1771 2600 1776 3222
723 1131 1257 2181
2273 4290 2576 5474
1004 6548 7608 8812
1883 1133 5108 1813
1606 2348 5240 5217
5790 63 6831 1195
616 2951 8240 4014
740 927 2878 3727
117 6291 7814 7439
1226 4520 5216 8643
718 6051 5933 8073
1049 833 5986 6974
2450 1686 3961 5756
325 4182 7479 5830
2515 2280 6143 7558
465 892 4573 5236
2535 2344 5753 8995
851 2816 1085 5636
91 534 8640 9043
3827 4310 6596 4592
691 499 7982 692
162 2453 6015 4689
6307 4472 8508 8711
910 8828 7929 9077
5527 1837 5981 7813
1509 4280 4945 4923
3171 5250 7829 7064
2 420 4250 3900
1309 4945 3682 9185
321 4878 3260 8272
1030 7737 2808 8159
3771 4937 8318 7303
1529 3373 2834 9155
7670 3494 8439 8588
1236 3500 2711 4031
1512 1919 7410 4097
3717 8381 5757 8780
1245 419 1341 7707
2190 3713 2762 8516
2776 2705 6098 3817
2043 2231 4884 3951
183 552 1629 5065
1986 365 8398 924
3590 4356 8026 5441
4091 7400 5118 8161
2524 3842 7288 4948
2650 1359 6311 2440
3093 4130 4791 4364
7399 2348 8508 3355
186 1123 3878 6586
2973 1638 4699 3378
2994 91 8593 5234
4810 3791 7396 8927
5329 333 8382 6878
5455 4632 6109 9210
1373 399 1923 8599
1669 1024 5497 3252
1240 1810 3314 9040
321 2813 3341 5421
171 496 7467 4889
1576 1540 4061 5833
3273 1299 4497 1515
1085 1050 6085 2873
7061 311 7511 2426
1165 6224 6426 7733
1187 1062 6395 7587
3915 2523 7328 6058
3516 1830 7126 3279
4908 2031 6900 7106
3487 3153 6295 4994
3092 3557 8022 4944
1459 3181 5265 3607
4648 401 5362 1734
767 269 3866 3806
1098 680 3646 6876
2921 671 3350 4324
3194 930 5079 3533
3139 7272 4839 8082
4288 27 7417 340
1729 5297 5592 7524
2117 3100 2999 6000
6389 2965 7066 3246
1338 3164 8176 6604
801 7878 2012 8524
243 6322 2133 7866
6097 4338 6266 6096
5510 1752 7325 4193
1371 7466 5827 8154
4248 1792 7313 3170
4577 6962 8666 8783
4559 1208 6100 2470
4158 773 8448 2506
48 1678 966 5794
1089 3505 4824 7510
2148 1038 5251 3207
3742 2622 6363 6202
3931 1163 4662 3053
3140 4200 7163 6012
41 7176 8825 7200
1672 3231 2557 4990
1366 22 6737 2848
6988 3933 8607 5385
5022 7041 5044 8120
1203 6232 3089 6465
1408 2260 7354 8700
88 1059 3375 1215
2880 920 5012 3605
487 79 7341 5567
850 7823 5869 9216
2294 880 3616 4049
4274 5288 7717 8629
2671 6289 7800 6559
2519 8260 5765 9133
3950 404 4031 2298
3489 506 4180 4934
1704 2632 4567 3975
860 3590 8020 6379
1787 1466 2970 5583
3243 210 3452 3655
6077 821 6547 7174
294 478 3609 2092
4076 8417 6319 8459
6467 6798 7402 6974
1257 2149 4632 4601
3139 4635 8818 5658
4344 3904 6133 4073
4824 1771 5491 6706
114 6697 5699 7535
1093 834 5876 1099
4886 1922 8787 4336
1434 2604 4685 4667
13 4443 6496 4647
271 568 1205 6415
1579 619 1663 3257
105 5231 4820 8583
924 3924 7777 4060
5347 5751 6298 8513
1884 2019 7904 4691
5530 977 7714 1344
3509 310 4855 931
1044 419 5775 1710
5327 696 6248 2578
3521 4066 8571 9234
707 684 6033 5880
523 7984 578 9209
747 2326 6392 6356
3528 435 5243 1720
224 4147 8473 8302
1964 6441 5447 8748
6461 808 8432 7745
4288 4670 6179 8054
2365 811 4782 2566
5635 2910 8252 3562
2547 3872 6773 7611
4731 3137 6334 3478
2318 3462 3822 4572
5522 605 8636 1838
2570 14 2954 5937
3476 102 6697 7379
3669 8304 5149 8648
329 6071 2834 6155
2701 3032 4396 6003
1252 1576 4866 8573
2897 106 3991 4851
1724 2473 7524 6363
1338 6240 5934 8587
4534 3900 4958 5681
2581 612 7621 4285
3753 5803 6489 7112
4563 181 7603 1687
4222 4433 8159 6633
4081 3362 8248 4915
1097 3381 7920 4244
952 4236 4567 9145
2742 7681 6193 8710
185 881 3909 5338
1306 1683 3942 7687
1505 4151 4175 4480
3569 1471 8006 3562
3770 592 7255 7065
5890 2075 7569 8628
7368 1501 7932 2184
1456 1494 2744 3378
4497 166 4926 8093
659 1361 5013 2669
6102 4508 8370 8059
4431 348 6277 4739
1147 1837 5136 8290
1157 797 4232 2507
5154 3611 8071 4318
6053 2388 6707 8238
4755 1147 7286 4575
2503 168 3132 7281
5181 4708 7566 6825
4025 2669 7109 7698
6646 4875 8515 8199
3831 5020 6794 8529
2595 5396 7459 5499
7147 1751 8207 5832
2732 4911 6996 5770
791 3768 8706 4013
1702 5694 1817 8558
6155 615 7610 6748
4140 1829 8504 3658
4936 679 5305 3699
1550 4768 2175 4962
1993 296 6315 5254
4386 5462 5273 8594
6768 5272 7369 6524
3826 3089 7746 6709
3902 2195 4607 2741
3229 1954 5618 7530
1756 1176 6306 5456
1735 809 5177 3131
727 578 972 8366
2532 3588 2810 8543
1574 5465 7382 7653
2884 1671 6181 2939
470 4814 3066 5994
2914 4846 4337 6924
2584 3241 5730 4746
750 2958 7185 8195
468 4954 5677 8826
2327 1052 7904 5997
5650 4107 5663 7874
1384 557 7110 6933
1419 1043 5146 2000
816 3785 3039 4135
2029 3069 4024 8914
1928 6087 3428 8248
572 4232 1146 4454
6134 5673 8270 8401
2199 4189 7655 8297
4995 3829 7210 5260
2478 2362 2984 3226
1842 6808 2215 8317
4502 65 5588 8200
631 4811 3825 9012
3806 401 6848 9008
1757 1509 7564 8798
738 8411 6238 8426
3981 2876 4048 3045
547 1188 6641 5796
6689 1480 8785 5184
3281 4314 6945 4537
3665 6171 8237 6893
1197 1837 2211 8960
553 167 5834 3558
5613 3500 6192 8342
444 870 5969 2493
1864 487 8522 8398
4605 1091 6220 4860
2778 1731 2879 5625
2807 4533 6349 5579
2340 6044 2637 7514
504 954 4662 3710
3188 4339 5078 7344
3626 323 6699 3829
1254 4454 5804 8100
1016 3462 2144 8287
3286 6360 3376 7152
6583 1567 7920 7313
1653 402 1971 2601
3954 4966 7007 8850
1930 579 6311 3805
7510 106 7744 2771
2759 1855 5550 9007
99 504 3296 6913
5440 2899 6242 2998
488 3258 2819 6888
2150 689 7236 8886
2828 2925 5549 8549
2427 6004 4846 8601
4131 4933 4232 8568
2170 2034 5888 5008
1851 4675 6929 6772
1713 4276 5464 7445
3638 3696 4504 6842
926 4492 8001 7559
7920 1759 8246 7041
904 7090 4057 7489
2713 2191 5581 4626
3425 1669 7042 4271
5555 375 7042 4544
860 5154 2346 7128
3040 3989 3251 7311
4509 3038 7861 6287
912 1610 3903 9207
752 4350 1528 7324
221 2275 2076 7240
1988 3997 4881 6508
4596 573 7587 2716
3671 6681 5711 8069
3326 859 6698 5920
5446 3855 7211 6055
1579 3854 2274 8298
156 2901 1429 4207
6763 2904 7681 4962
6444 619 6602 4923
5537 217 6059 2898
381 928 2703 4965
4831 3512 6083 6683
4251 6905 6042 8515
2234 97 8202 1190
1302 3714 7983 7255
888 4889 1092 7129
773 4065 1085 6165
4772 1168 8836 2146
4774 724 6115 6882
3946 2994 7670 4866
2030 20 4294 7049
3837 877 8714 5958
1313 3307 5274 8883
2905 1953 3880 7509
1793 3117 7772 6724
2191 4546 8641 6371
2540 6091 4208 7540
5280 708 7372 7749
3568 2475 6638 8731
3165 92 6106 9149
5497 3304 6023 4513
3909 3383 5346 8183
1134 480 4463 2283
2 1326 7949 2722
1057 316 7410 1243
1924 662 2464 1110
255 3298 1579 4217
3050 5267 3341 6808
6055 3909 7341 8359
1542 1793 3827 2496
1444 8548 6298 8961
7089 880 8303 4336
4611 4553 5865 8821
1145 2209 3162 5502
3525 2225 4104 7077
4101 2676 4315 3580
5244 201 7366 5846
541 1183 2495 3285
26 5862 6726 6551
600 1494 4558 6528
409 3807 5506 6322
3019 715 6038 2306
2778 2458 4797 8519
108 1858 8745 8223
1761 4888 8334 4907
5985 411 6542 3876
640 4539 3969 9168
5922 1481 6729 2696
1470 6532 2884 9237
2352 3262 3759 6318
5314 1639 7818 4922
1918 4131 4190 4554
2716 2369 2774 2867
2997 1985 5229 2057
3813 4090 5219 8872
671 259 3951 7504
1148 845 5886 1723
100 6118 8133 8491
1335 676 2192 3761
1923 139 6056 2181
6763 4155 7257 6572
912 4578 3099 7568
2120 6251 8439 8614
1597 4108 8776 7599
320 5373 7402 6076
817 188 5687 495
1831 2740 2681 7107
3707 1052 5736 4059
577 829 4739 4131
4312 586 7308 1762
1862 2699 5430 6757
3594 1939 3835 3112
1978 761 3098 5141
3344 4151 4244 9122
937 2577 8671 7809
974 1311 2365 5961
3066 463 4003 7048
1867 3662 6867 8382
122 2752 1265 4144
3449 2427 4013 3025
3430 3611 7238 6699
2103 3493 5893 4165
1887 1316 4656 6947
6462 4634 7521 5254
1355 1597 3671 7451
2140 678 2368 7771
2998 1352 8431 2092
911 3411 7563 8262
1931 307 8097 4083
904 2908 1200 4107
539 1970 2590 8829
2561 1447 4319 2195
1396 249 7851 2353
384 2884 8252 8786
2965 4399 3085 7585
1102 690 2562 2134
5630 546 6512 3190
763 5472 2626 5895
4602 3983 7471 8939
1685 621 7422 974
2440 2166 3130 5657
490 617 8633 8034
5609 328 7172 1148
1777 4 3550 2393
4517 4205 6125 5845
3501 2043 5487 6799
1564 2238 5115 8176
602 2666 6043 3741
1248 4137 4720 7072
1671 8833 4377 9134
395 1635 2621 3650
5099 1334 6990 7146
342 988 4560 1386
6824 5938 7918 8249
2786 3040 4975 4885
5377 5730 5392 6614
3797 2208 4103 3657
2279 5815 5618 7707
1463 4039 2066 8813
3646 6924 6111 8348
386 481 3301 6659
3635 457 4538 3537
2253 382 3331 8580
1783 4115 3093 6415
1238 3103 3626 8419
1440 1385 4535 4470
490 239 3030 8743
4258 3308 4319 5263
2721 802 2895 5311
198 1670 8079 2566
1161 195 5686 4941
922 1926 4751 6032
2149 2811 4632 3439
5373 4066 6155 4549
6908 165 7054 2683
1733 2572 3397 3984
5199 588 5484 2841
49 2765 5285 3464
640 2140 3093 4036
4844 3517 8678 5460
3136 1909 3258 9091
3429 2650 8162 7392
1615 3766 4807 4474
261 4233 630 7021
2688 7330 7872 8262
3134 1847 6433 3302
5167 2319 5873 9099
2291 1555 7485 3233
6323 55 6546 5003
6047 1479 7936 1515
1327 4495 4838 4789
1885 354 2177 1189
2589 777 8088 905
32 46 6953 4242
4560 1593 7623 1699
614 1290 4960 5426
3907 1420 6267 4921
609 591 3386 5609
3349 8 4561 1718
3339 841 8505 2588
324 6095 5983 6846
2458 1198 5441 8849
4780 5057 4892 5062
5380 2669 7073 8765
1932 1891 7463 7724
8356 8088 8744 9147
3293 336 7138 9101
6137 3278 8670 7990
5062 1374 8595 4042
2466 3825 4800 3852
7401 5256 8859 7543
5633 2213 8585 7259
2431 2810 3686 5692
3989 1892 8108 8632
1080 383 3938 6989
806 3576 4094 3936
4464 2784 8578 5272
8565 3668 8748 6883
2382 1768 4739 7084
3093 1792 6176 6184
4161 4654 4682 7092
2840 4449 6659 8929
184 2171 1036 3440
754 107 5774 6139
793 987 1395 2154
1485 409 7693 5479
243 709 3715 7457
1768 1079 3643 3372
6000 1405 6403 8530
3876 3021 7774 3421
288 1164 5176 4176
446 3688 2423 5964
6291 700 7526 5879
7250 1841 8316 2190
901 2301 1525 2925
1272 934 8720 6330
3257 4673 3565 4854
2399 2065 7497 3426
1109 4898 1526 7959
1279 668 4764 5350
3678 356 4799 2267
6038 4430 7010 7498
3148 204 7945 2429
1150 1351 8516 4531
7498 4872 8773 7466
3669 3322 4831 8329
3261 8514 4848 8546
5177 1647 8340 7856
1070 1020 4686 8131
464 954 6530 3916
65 4 5244 6096
1901 336 5612 1801
1782 1907 5173 6381
815 1906 3425 7239
2308 2934 4549 5525
2799 4073 8122 4791
385 2240 3172 4390
7113 2894 8576 8894
8258 255 8539 5685
5357 976 6152 5001
4731 4894 7262 8272
3240 4548 4414 5028
802 5663 2993 8526
1172 2240 5324 4481
6344 4362 7197 7046
886 6974 4750 9221
1553 2115 7065 6969
3301 1472 5627 4724
1561 1942 3290 9167
813 726 7762 8418
6700 321 7380 7899
1619 802 8250 1503
2826 473 3450 8951
1831 2796 4065 4922
2866 2096 3529 6469
2243 3532 8266 6175
6066 3960 7324 5909
521 1188 8249 1720
1829 2025 1932 7629
952 2013 3666 3199
7360 5698 8370 8293
2155 248 4814 5863
3847 106 4028 7424
4227 869 8247 7156
1523 8578 6127 8985
2023 3117 4153 8684
1667 4511 3289 8427
5750 3475 6237 3910
340 2495 6872 6272
2932 15 7647 703
3817 2171 8368 3816
936 2713 2632 6571
3242 3468 7976 9185
4352 4129 6312 4462
3259 289 6278 1836
2193 4992 4593 5394
1150 279 3929 3003
2778 1047 3690 2962
1637 6216 3149 7089
1549 174 5978 1792
113 1610 1141 2860
5254 3129 6991 4546
3754 2372 5175 3279
5175 8327 6998 9054
1325 1702 2656 5723
3087 1496 5739 1548
523 2157 1245 5040
874 3331 7947 7101
6622 255 8174 5207
824 7348 6829 7707
54 866 381 3666
3906 426 5326 7213
4676 1972 8632 7215
455 2024 2671 4485
1639 910 4763 4596
2133 4745 7908 5379
2979 1636 7546 6787
8115 1971 8128 3858
4604 956 5560 4706
1788 3713 3533 6097
4416 289 7495 8627
6149 638 6352 3550
728 719 4043 7706
3411 386 7383 8479
484 1550 4693 6959
1046 3635 3694 7847
1437 2885 6647 3402
252 40 1749 839
3978 8261 5289 8325
5406 555 8248 1177
1219 302 4355 4199
1394 1939 5329 5639
103 3088 7060 6652
5371 3588 7608 8242
2876 1907 5138 3358
1363 2086 8027 4378
6712 2409 6854 4342
845 365 6882 3285
2463 4294 6724 5110
2328 401 4057 646
2678 3626 3206 5615
1394 9094 2865 9224
3260 4461 4176 6605
2614 1533 7962 3236
474 1352 3807 2757
1762 633 7858 4175
1747 6091 7605 6810
2958 2959 7897 3467
952 8230 2699 9023
6131 5002 8852 6980
5089 201 8134 801
941 4695 3290 8682
2770 5113 6464 7838
4313 2512 7394 8422
3216 1064 8659 4552
2409 5096 7805 6115
7765 943 8768 9166
1215 2539 4652 8699
160 2775 4221 5506
3804 4330 4322 4628
2257 2078 3056 6586
1805 8218 8604 9145
3260 1465 7324 4085
6829 406 7656 5605
5230 5787 8088 6992
2070 3061 6974 3784
8306 4792 8820 7391
5386 3606 5932 6712
3187 3466 4868 4052
1245 2102 5804 7678
1690 1395 2654 4654
1083 287 6567 2767
1190 342 2784 7474
1719 819 6663 4866
4510 2267 4804 8594
5212 726 5218 8125
566 3213 8074 5668
1433 5582 4720 6922
942 942 6522 6879
176 3717 4142 5461
3394 179 4469 8472
1010 1497 3166 4743
6793 493 7783 7841
5365 5270 7806 7305
6231 891 7600 1584
5648 1016 6154 7926
2906 6543 4455 8895
4394 1684 8074 8380
5812 1137 7152 7929
1568 5901 4551 9204
1615 5430 8789 7796
50 4403 2983 4701
2955 187 4910 4461
330 869 7046 996
1016 8285 6869 9035
1537 223 3632 5040
141 1086 8491 4112
5135 901 5944 9073
3841 1260 5443 7503
1136 653 6224 2767
1419 2505 4191 3086
240 1693 2145 1973
4768 4373 6823 6381
3057 105 4307 835
3465 4002 6045 6557
1287 1798 2796 6869
1539 1892 4975 7900
1973 5968 8602 7655
2522 1997 3915 3113
3473 6068 6079 8766
2183 396 5186 3493
5797 887 6806 1227
1870 1169 3172 4329
1812 5919 6856 7689
1279 1162 3684 4598
2990 2270 3508 2375
1375 541 3535 580
3791 3802 4588 7407
3949 7169 4600 8075
1294 2004 5665 6413
4346 1500 7443 8246
6332 2630 7134 4938
902 3774 1788 4711
171 653 8723 3655
3483 3279 4180 9130
462 2875 5025 7388
3144 3084 3635 4827
1486 6038 8322 6542
948 1726 3287 8151
6719 4882 7114 8568
1762 227 3562 9153
2846 917 5309 2106
2497 969 3333 5120
3541 4121 6178 8442
2774 2847 3847 3031
351 2452 4286 3747
685 3922 3686 5160
7761 1790 8446 8454
1607 5697 5889 6529
1230 3454 7198 4369
5832 3524 6488 4399
180 6242 181 7047
6424 254 7588 2472
2691 2862 4704 8879
3505 3668 3657 4992
4446 4000 8073 5314
2105 5043 3114 6117
4000 1443 5898 4646
515 5531 8137 8476
3705 1918 8374 8808
5886 1426 6481 4478
4129 4860 5544 8655
236 967 4356 3549
710 122 1552 751
561 2795 1512 4134
3934 1978 4991 4090
3783 1988 4040 3811
707 2705 3145 4322
1702 1454 5167 8753
1541 3457 4731 8989
3485 1880 8618 3043
253 2265 4626 8750
727 606 1447 3539
81 2325 3028 9046
5787 1468 8717 7663
6097 6934 7015 8270
3014 1383 4582 4413
5023 5677 7757 6896
1412 4816 1795 7943
2612 1796 7636 3111
1647 831 7542 8945
2486 923 6803 7028
3738 978 7103 1448
232 1076 3192 5534
2396 349 7722 8351
880 3711 7312 4574
5523 89 5629 3908
6242 1147 6905 4462
1200 425 4886 2211
984 3222 2090 8173
2601 594 5179 8642
4165 4794 8138 5693
1975 5 4908 1034
2314 723 2355 8370
6209 2770 8672 8481
1912 1087 7817 1183
1736 1735 2903 4192
1104 102 1130 4523
1113 955 4159 7494
1680 1558 1729 7852
847 3091 4232 6978
2544 2635 5331 4470
1719 2242 3540 6720
3313 6921 8423 8747
1139 1672 4482 2260
2505 1771 5699 6172
6692 213 6821 1864
2399 1385 4911 8945
2284 2648 5645 3726
771 1422 8050 7374
3754 4184 5378 8267
4533 3279 7363 5878
551 132 7968 7428
899 4514 7004 8235
6722 5186 7254 8565
462 4160 5011 7140
375 3664 1098 4757
2347 1368 4724 1876
3229 2254 7196 4382
3005 1960 3984 2775
3841 1255 6838 2567
7074 5800 8152 7002
2339 2114 8414 3317
3370 692 3949 7788
2711 1980 4034 4543
1431 68 2984 8082
1067 1450 2232 6607
3236 3590 6985 6158
60 2295 8097 2549
6534 2792 7132 2927
5317 1528 6671 4690
1521 1838 7085 8563
515 3634 6684 5481
2581 1378 4110 7426
5668 2913 7728 5690
6096 2583 6180 7808
4510 4210 8085 8900
4557 1946 8289 8046
1940 2789 4031 5017
928 2738 8215 6701
2585 1136 4635 1588
4124 1227 8136 5892
881 2674 5819 6352
5740 6915 7485 9068
3041 2183 5562 7768
1973 388 4078 559
3087 104 4034 9146
3010 389 7948 7200
2259 2313 3140 3945
1070 3436 4743 5431
3794 7274 7817 8667
4985 3664 5043 6022
7809 4 8117 4822
4017 6927 4319 7126
7202 2549 7298 5166
2417 1309 5347 1390
6233 1117 8837 2846
1179 3639 4168 4286
1597 3932 4979 4627
1500 4226 6692 7816
4754 4938 7477 8864
6101 1254 8802 6842
4228 3348 5622 5882
4204 1440 7318 7300
3820 4800 6338 6914
5282 109 8080 6171
1572 288 5292 4428
337 5556 907 6879
2857 3530 5634 5504
811 236 6470 5268
1042 1031 2814 2641
3132 5093 4881 6181
984 6512 5773 8464
2722 1703 7107 3828
371 2905 2170 4699
37 235 7120 377
1077 2996 7965 6315
718 3494 4795 4813
2640 2730 4955 4817
1633 243 7654 5983
1998 350 2621 3480
1293 3260 6731 6379
2390 1845 3060 8926
5882 1596 8460 3349
1016 4476 2690 7795
2736 3988 8029 4900
3262 1952 3828 5747
949 153 7438 988
4097 518 4294 7214
4341 2469 6732 8945
181 453 5566 8166
370 75 2378 2817
721 6451 6877 7959
7721 3088 8021 7406
510 5594 4136 7754
539 2494 1865 4178
3556 3514 4654 5214
344 1059 8085 6471
898 3415 2083 6757
1338 357 6509 5930
2763 2087 7866 3992
2690 3024 7477 8706
4532 1174 8422 2878
2443 297 5930 8523
192 451 5104 774
4294 7497 4358 8786
1879 3916 8583 4387
560 996 5598 6316
5102 1854 7848 3152
422 2662 3288 6645
649 648 5491 3860
6077 2742 7693 3960
1656 2451 8608 8057
4190 112 5951 3437
7282 2994 8171 5256
818 458 3173 6557
5763 2313 6814 8953
3341 1486 5902 6569
888 936 5797 4566
3719 2293 4578 3753
1382 160 1805 4282
5687 1468 8826 5884
2934 2224 7181 2632
1844 3699 7187 4355
1220 1163 2344 1368
5147 4265 7472 5891
5215 3600 5809 5835
5263 4624 7020 7568
483 69 3145 5959
2244 1672 5636 8122
1048 4860 1143 8224
276 1221 8836 6472
5490 4615 7774 5501
5705 4114 8718 9039
1817 603 4470 9210
2981 2043 8178 3031
22 5169 8603 7695
215 495 4105 4102
5497 484 7686 7253
743 2818 5923 4240
174 517 2034 1639
1079 3185 4856 4507
841 7567 8546 7692
2336 1606 2615 4653
535 702 7197 2196
2227 2315 4686 4784
4248 2598 7717 3146
332 4377 813 4505
4255 619 5959 7060
3274 14 7623 1025
3533 3079 5837 7416
3477 455 4951 695
390 4690 3028 8028
2415 4633 2656 8357
181 3968 1381 6174
5527 140 5572 6870
917 4886 1482 6917
2964 7067 8850 8011
6285 3481 8095 9136
4625 4878 4704 8409
5394 2269 6512 5713
4387 3627 6433 8187
416 3349 1009 5218
1784 3206 7707 7939
7417 7276 8581 8232
579 3084 5357 3930
5013 3834 8536 7231
4366 1681 4925 5600
5863 1974 8653 6766
1692 3101 5783 7386
693 6570 6942 7957
4067 1328 8220 5018
147 1629 3694 9253
2469 9220 4470 9242
3201 3518 7547 7884
6906 3644 6956 8497
1373 1461 1437 3919
2569 2280 6409 6745
1803 3789 5160 3835
1386 6921 5354 7372
1643 1450 6106 5184
2482 124 6161 4970
1289 2746 5441 7293
2612 1671 5277 7037
760 2387 5249 7530
1548 305 3371 2503
7383 4031 8587 8558
354 8092 6864 8918
2786 788 7950 8034
2428 2790 7335 6203
5476 1556 6166 6446
1228 815 5625 7882
3557 6360 5175 9100
93 5680 5718 5902
5683 5196 6129 5798
1708 4481 2868 5152
1955 668 4944 8948
3316 2868 7080 3446
8159 6963 8463 7469
1847 703 5374 3474
3507 5500 6687 6981
3253 1974 6095 7207
111 2956 2166 8077
1377 1930 5706 1988
664 517 1735 8026
274 334 2039 8756
1288 3466 3191 4595
2484 1294 4359 3287
343 2616 7130 6200
611 1568 5130 2250
5368 4332 6212 5420
2439 20 5071 1957
1938 8287 6359 9212
2836 2212 3255 5991
755 20 3797 8482
671 689 757 2507
1938 326 5110 831
2474 338 3658 2223
2989 1145 8324 1163
5492 3493 8722 9040
1917 4869 2350 8850
3651 2066 3751 2083
3678 633 4920 5832
1565 593 7742 5077
2818 2836 3267 7232
3726 909 5954 6177
3521 2000 3696 4976
4675 323 5676 821
1741 7801 5059 8269
506 570 1652 7721
417 6564 483 7712
1105 2129 4781 5883
5531 2478 8289 7469
3657 4725 6234 7454
2087 2962 4325 8667
1468 1690 5568 5330
4765 2733 5094 6779
2609 6142 6276 6946
6257 738 7831 8868
2891 50 5002 4283
6745 698 8389 7622
1875 4338 8640 7140
3550 3436 4988 8813
5783 2785 8311 4911
1532 1164 4584 2211
4165 4884 7045 8477
303 4865 8320 6141
2996 2475 5550 2892
93 1178 6882 4639
1428 2908 6392 3079
2826 3900 5600 9035
4448 2278 4669 2800
1845 2944 1984 5156
1594 8490 4074 8560
313 4910 1863 8214
4307 8162 5303 8292
4939 2659 7484 8525
4084 2716 5074 2860
899 5297 4062 5592
637 7440 6724 9000
463 5371 637 6854
5403 2435 6851 5001
937 7580 6675 8888
2185 1230 7551 2038
4607 723 8858 2035
920 4237 5604 4729
2667 2747 8115 4430
1851 908 5889 3481
5036 5045 6581 8110
4112 2228 8432 4207
4686 724 7909 6926
2269 3828 8509 6309
406 3264 1924 7250
4028 3935 8674 8302
4959 510 7527 1213
4007 1431 5702 8749
3312 149 6354 1997
1106 6489 8781 7819
3048 978 3964 3933
1561 3251 8223 6463
2732 1980 3505 3525
3693 1872 4553 4955
4579 1977 8517 4839
177 1157 5061 6485
535 2435 8485 8156
2532 1846 7323 2565
