1685 3402
574
556 2827 1392 3160
8 813 1531 1372
220 241 353 1797
746 253 1496 1515
201 940 1327 3381
1239 476 1641 2955
1492 730 1640 1136
226 20 956 1732
1250 1867 1638 2742
45 772 216 2648
1580 249 1584 523
36 677 650 1216
591 383 1436 2840
35 331 1472 1635
704 371 1134 1217
662 1055 948 3306
210 1810 1085 1861
88 1830 546 2424
346 1276 1533 3225
81 76 1646 1479
321 1833 803 2190
486 493 1254 1170
286 24 524 2703
556 1386 1140 1718
1049 2516 1376 2593
6 34 272 1032
607 886 1516 1079
1624 142 1669 2192
1095 1178 1124 1768
705 602 1544 3066
276 1979 352 2092
140 264 1392 1559
611 1736 1231 3254
26 200 1326 2427
1378 889 1603 1106
518 213 560 3125
821 3179 822 3278
152 1828 284 2136
391 1745 1282 2341
434 2518 798 2586
38 398 1656 2771
806 1348 929 2785
1015 340 1429 762
2 824 367 1638
571 1666 802 2380
121 1184 343 2581
1142 866 1206 1113
682 1745 1576 3109
598 271 1508 1062
972 2011 1366 3102
399 2246 569 2892
260 1924 983 2865
584 1823 962 2576
731 661 1129 1862
550 188 702 2003
1076 2432 1112 2583
389 1186 975 2873
658 107 1398 181
477 1591 1564 2285
836 1840 917 3389
228 154 805 674
147 648 296 1224
1035 1195 1424 2449
497 55 744 2518
104 741 680 2510
621 550 865 3211
62 1724 149 2765
864 713 1375 1066
839 436 896 1650
446 2 788 82
109 1941 597 2454
638 200 1096 1694
261 1008 335 2191
869 979 1350 2539
280 1712 1562 2808
116 202 1650 2824
86 1540 1368 2164
915 292 1083 717
6 772 1253 1765
16 217 579 1609
312 1565 380 2718
1051 374 1624 2604
509 2946 1412 3066
540 768 1680 2316
397 148 1204 3250
411 2373 863 3115
28 748 593 999
1469 519 1552 3235
95 123 715 2686
388 746 1127 1452
1382 879 1570 2297
160 1454 1659 2000
801 244 943 2077
1126 1257 1195 1682
511 1167 617 1169
533 994 612 2552
480 35 1552 1337
213 712 395 1803
88 1429 92 3140
82 971 942 3253
1228 595 1572 2670
984 330 1273 743
135 558 338 3191
794 2183 1492 2271
126 1261 287 1345
120 1792 619 2616
1066 2431 1109 2747
1292 749 1679 1912
647 1160 758 2888
1001 563 1157 2418
785 2384 1400 3084
1548 2812 1592 3356
281 80 958 687
622 556 980 671
63 764 1371 1411
652 990 1563 2232
74 680 1280 3093
135 178 200 2657
38 2446 1563 3307
31 1279 1146 1773
987 414 1522 1897
1140 1184 1414 1641
541 1137 1010 2730
189 314 460 777
980 142 1001 539
84 1905 481 3143
787 2289 967 3116
613 1387 1163 2435
251 352 523 2461
1319 982 1478 1639
989 2690 1032 3004
743 382 768 2918
154 2110 1378 3292
385 387 1210 2575
211 2311 1582 2946
99 1279 884 1982
1310 1394 1583 2750
1204 1217 1498 1263
515 67 557 1462
71 2107 141 2993
828 831 1393 1804
651 1451 1005 3007
418 733 1224 1689
110 1934 383 2314
152 125 290 925
1241 336 1600 1460
193 855 882 2681
708 1417 1410 1965
661 2284 1138 3299
145 2142 361 2955
1640 1367 1684 1442
291 138 1197 1851
400 98 1075 2174
412 299 994 2201
1374 2331 1583 2425
1295 2802 1603 3374
438 474 616 2839
1038 955 1586 2022
1321 456 1399 3143
367 1224 1435 1607
85 1173 359 2704
17 202 719 2955
341 762 1335 903
1149 1082 1220 1305
1460 2381 1593 2415
917 2039 1303 2790
380 1048 983 1666
1588 877 1643 3323
731 1268 1563 1948
82 2417 1065 3350
1 271 281 3211
748 954 767 2915
303 498 1049 1174
1195 2110 1332 2410
727 1263 1584 2398
1378 686 1559 1617
386 560 776 3021
1127 318 1673 1839
847 1405 998 2842
143 1765 451 3380
435 356 1637 2268
800 2627 1340 3174
138 401 661 1172
570 1568 1300 2728
438 279 701 2115
889 748 1080 2956
709 70 1294 823
13 42 1591 3236
222 2373 1245 3248
874 1119 1235 1135
800 1969 1603 2711
423 1685 1508 2267
406 401 703 2613
6 2134 180 2319
331 2144 385 2748
93 197 664 1970
169 2252 519 2303
656 1025 1569 2577
894 259 967 1826
524 378 791 1313
467 949 831 3230
961 1664 1450 3081
334 327 1220 1459
710 2921 893 3180
785 1899 1625 3264
512 1853 669 2894
89 74 226 1658
503 73 1324 588
1071 249 1280 1015
714 366 1116 478
273 484 342 2630
744 1055 1376 1881
616 1012 868 2000
44 1805 846 2221
224 564 1540 1185
600 1073 1500 2426
45 1133 772 2501
40 282 613 931
334 1339 461 3353
1446 716 1481 3116
568 2988 1033 3069
47 2362 259 2453
264 1655 1536 3293
398 805 433 1512
606 1259 1294 2072
719 2133 783 2556
1118 81 1637 1392
742 479 1520 1241
1266 413 1658 1818
332 1391 696 1622
625 502 1044 965
1501 33 1578 1940
553 241 923 592
1309 377 1416 2417
410 594 1175 2356
319 34 507 636
1194 325 1650 2635
1361 964 1662 3255
556 508 792 2990
107 82 953 1721
137 2552 750 2706
102 1693 541 2045
411 1344 985 2797
444 73 1331 2919
643 203 1141 340
827 1713 1337 2143
3 2311 473 3234
56 805 610 1272
283 101 1041 2195
613 2107 1318 2205
1250 974 1341 1275
358 602 479 3266
3 1304 763 3375
723 8 1503 1673
918 1691 993 2418
53 1361 844 3346
204 1092 242 1644
1287 350 1489 443
480 116 1570 1204
97 2632 1332 3043
664 2008 1672 2326
207 52 818 2089
929 1668 1609 1757
1000 858 1316 1114
937 1020 1203 2421
478 1660 1387 2338
325 390 1046 1988
689 74 1644 2691
406 298 1382 2170
1149 1215 1630 2050
123 1154 295 1601
426 996 743 1662
262 417 694 1243
105 186 991 1678
378 266 1613 2465
519 474 1653 2663
1473 2173 1566 2955
672 2878 1518 3288
910 445 967 762
337 3012 737 3256
269 173 951 2561
955 1520 1436 2858
808 359 1592 1864
926 533 1500 1931
1039 1874 1360 2365
551 485 750 1653
735 302 1130 2815
172 1332 1199 3314
475 912 1390 1817
887 724 1035 1325
810 1303 1047 2830
1011 978 1146 2279
232 1437 1194 2325
941 2871 1627 3097
5 3019 1156 3035
270 1720 397 2451
1125 371 1477 2027
769 531 1101 999
350 1993 1380 2081
726 287 1626 971
445 2725 1656 3173
52 436 1677 3031
222 125 918 2840
477 489 1276 3065
544 1360 1326 1524
112 1485 1349 2119
38 228 1499 512
573 2103 829 2852
297 2212 1646 3156
621 393 1060 2293
254 1932 1654 2619
97 193 783 1348
761 43 1315 1210
974 905 1233 2985
28 94 1190 3324
14 1028 1650 1072
26 578 1481 815
887 1267 1479 3097
1168 2013 1315 3067
506 395 948 2071
1206 385 1648 2982
1404 559 1437 1424
1544 2018 1630 3301
540 422 1069 3330
1385 516 1490 2208
358 1426 954 3193
276 2090 699 2668
229 720 514 1372
354 2894 1641 2925
296 1740 535 2037
240 331 801 3111
163 1553 500 2983
674 1578 1311 3316
503 399 836 2251
474 1120 488 2710
334 433 1324 987
422 316 1587 2413
1358 916 1664 2824
330 1126 519 1399
328 622 602 1349
367 1055 811 3312
1266 832 1405 1868
234 1018 399 2805
818 1965 1660 2019
1021 1658 1430 2701
792 1398 1296 1779
1602 179 1633 706
3 2625 1338 2985
194 1068 1335 1581
221 807 1607 2332
960 23 1364 2873
823 384 1611 615
1231 1866 1493 2490
783 1459 979 2868
327 494 1614 2835
830 1212 1169 2874
519 577 1176 2497
801 1255 932 1469
372 609 918 2037
41 303 1527 2569
348 2272 968 2727
260 36 705 3330
312 10 923 177
298 2073 1443 2798
233 843 1272 2974
512 2566 1447 3234
443 672 1191 3132
506 323 1663 1816
633 620 1556 1528
511 2755 1497 3245
183 993 921 2496
535 449 1504 3019
340 763 1043 1067
75 1522 1315 2512
1095 718 1326 2663
913 533 1186 3187
943 36 1288 618
1128 1766 1435 2954
856 1348 1098 2289
541 2150 694 3118
461 1968 1313 3238
52 1040 739 3304
1005 989 1198 1188
82 655 277 2969
1009 21 1283 1977
1137 981 1448 2878
278 2679 384 3244
1064 1449 1685 3141
1428 634 1578 1733
1253 1166 1600 3203
432 566 808 2609
747 1278 1243 2159
66 1851 564 2798
763 575 1108 1846
560 733 1637 1334
1354 1384 1570 2462
999 2203 1591 2671
286 862 466 2178
267 1671 515 2170
1055 1502 1075 2387
490 288 1236 1813
1025 334 1295 3226
402 426 854 1660
146 410 811 2564
1532 959 1628 3307
484 940 1434 1779
404 964 945 1965
207 1799 998 2684
643 352 1017 1845
155 1904 463 2645
773 241 1543 3078
560 1723 1317 1831
678 635 1451 2937
303 1657 1349 1997
1136 1630 1231 1893
475 735 517 982
1087 622 1470 1279
147 939 1395 3018
392 1479 695 3269
551 809 825 1384
201 861 861 2846
502 1129 1156 1598
21 2348 870 3348
966 1645 1573 2475
646 747 1041 1221
671 2496 1546 2536
38 1117 763 3016
1317 2943 1563 3148
298 1006 1459 3007
52 1793 1565 3112
263 42 1580 203
415 1547 1658 2052
385 552 477 838
573 1053 1299 2851
387 214 1162 3357
776 576 811 1494
472 88 1442 1083
112 2110 194 2525
160 792 869 1379
1208 608 1378 1694
234 2164 570 3125
340 758 1497 986
1208 2563 1671 2982
167 498 261 1553
1211 177 1628 2825
126 2921 1265 3134
455 1013 1314 1327
816 2869 1435 2946
105 784 108 2632
332 569 1445 1333
418 331 426 2935
671 259 755 1619
244 1518 563 1880
305 34 809 596
207 1143 279 2319
312 1469 1569 2527
175 1224 1007 1344
700 2760 1258 2861
707 827 1280 962
1021 751 1298 1333
428 2727 1258 3219
133 1763 1584 1908
748 2560 1516 2868
417 650 427 949
815 1252 1106 1518
484 516 1463 944
1426 571 1555 626
46 1616 863 2870
100 1314 1158 1496
1578 357 1671 802
376 2363 975 3102
438 2014 527 3195
1026 1836 1137 2247
11 390 1684 1793
596 231 1250 1730
16 379 1348 2857
52 324 545 1624
537 501 936 1168
287 927 1298 2056
22 1012 519 2878
145 606 234 2593
51 1647 404 1931
647 883 1034 2447
449 317 539 3304
265 397 534 1997
63 1172 184 2788
1219 2890 1308 3142
717 843 1518 2906
247 552 618 2198
748 700 1453 1666
174 680 772 3013
120 1338 1293 2819
1133 153 1490 2167
662 1526 1673 2794
1107 1426 1182 1558
1062 1310 1103 2462
608 121 1168 2776
289 339 530 869
1029 610 1037 3014
105 868 1394 1632
711 1371 1480 1611
95 1616 716 2110
1089 341 1467 3219
9 714 1166 1362
797 1234 886 1704
1146 1677 1263 2371
1317 1121 1512 1354
373 335 1649 1555
628 790 1582 1828
688 676 808 2508
472 323 477 2333
12 317 1080 1509
4 95 679 859
849 510 1198 2898
743 1651 1236 2992
141 1064 454 2387
1231 2412 1556 2642
334 532 760 2312
93 625 1001 1732
830 1780 860 2475
146 945 1587 1273
18 1939 87 2616
370 1853 742 2145
24 2304 1030 2634
557 2117 1278 3081
1396 2844 1674 3089
1079 82 1657 943
825 708 867 2934
1542 536 1568 3086
409 1399 1621 2082
444 1633 1043 2118
1274 2371 1322 3023
379 555 850 2086
30 541 412 3169
66 1220 343 1747
387 927 1495 1614
512 1356 598 2351
279 2093 861 2174
1090 423 1436 2072
198 1603 1053 2292
1220 1374 1466 3341
395 171 663 1804
18 731 837 1935
1514 1032 1591 1068
382 405 1383 634
1097 2430 1114 3048
19 2221 1031 2541
118 371 1414 1328
112 1989 1671 2289
1118 66 1383 945
305 1539 426 2604
1048 891 1238 3156
658 1095 1508 2982
18 1157 487 2405
570 1624 1047 2034
1504 65 1593 1290
1392 1247 1545 3182
401 1184 1614 2100
202 807 1031 1497
440 465 1020 1075
1 1046 1507 1457
384 2783 851 3321
279 773 1030 1761
1595 2804 1632 2991
282 2040 948 2854
358 614 451 2079
482 1243 1232 2144
1043 663 1644 2869
566 738 879 1056
748 364 863 1554
1052 1924 1631 3200
1225 601 1548 2173
343 83 995 1058
546 1244 1078 2679
