8377 6581
4220
2390 2994 8163 3040
4236 478 4895 4565
2899 522 4691 2139
265 206 4806 634
3123 3910 6296 4834
1176 1892 7205 3246
4459 101 8049 3318
135 136 2267 5553
2988 5668 4445 6203
89 2750 5120 4895
163 5260 5961 5463
7058 118 7678 2557
1479 172 4161 623
2110 1743 2861 4999
6505 2283 6833 5564
2200 603 5498 4300
3235 3444 8007 4712
202 1388 3903 5443
761 1647 5227 2405
1640 424 6732 445
1648 271 5459 4546
3392 945 7252 4295
3964 3615 4144 5165
2749 1218 6513 6543
473 663 5070 5016
1083 2733 5495 3158
488 2618 3609 5830
7812 758 8107 1419
5812 1596 8052 4840
2605 3395 7640 5047
2629 357 6851 6364
1982 6118 3862 6118
2984 1961 5355 2291
6225 4278 6613 5612
1648 434 5773 6084
971 909 1749 1599
637 2391 2603 4101
1724 1924 3100 4402
4465 1369 5894 3535
4840 6092 8307 6361
7219 254 7708 5484
661 3081 3428 4076
2354 943 4763 1026
3975 866 7211 6220
1497 2037 5230 5830
4661 270 5270 3951
3914 536 6093 1218
7704 4516 8080 5963
895 2989 6848 4339
2297 2860 8215 3720
61 2986 5812 4430
4752 196 6005 2288
2048 4228 2965 4550
3359 18 4444 2488
707 260 4717 3795
1337 1990 7086 2543
2470 719 7361 1234
2895 1044 4650 5845
4382 1474 4417 3413
217 1752 5838 2303
2679 4692 4394 5068
1457 605 5290 3419
4538 1652 4548 6506
58 2500 7066 4999
7310 4402 8049 6377
6593 2528 6860 5926
789 1332 3657 3317
4584 3570 6437 6161
2786 1468 6240 5076
4176 1987 6415 5094
3818 534 7674 4940
3337 626 6575 1186
2004 1433 2160 2805
3258 1401 5252 5848
4965 1689 5430 3614
4896 1635 5827 4151
2794 1581 2918 2321
1819 927 6268 4253
314 3686 6728 5378
700 768 1253 3683
2025 382 3774 766
611 2105 6089 5632
821 2615 3200 5572
3186 3304 4736 4104
1769 525 3954 1132
814 197 4866 526
6921 2075 7804 6053
308 2692 2555 5697
4797 3586 7037 5491
287 867 5901 2678
2652 4249 4346 5854
463 600 6594 4640
2611 724 6122 959
5824 902 7885 3706
1778 899 5386 5764
358 2993 2286 5935
4232 531 5124 4342
1944 380 2416 2716
478 4185 7219 5169
2260 2153 3608 2978
126 2989 2174 5327
3737 3754 6213 6281
403 2131 7780 2410
2516 4650 6478 4657
341 1034 7484 5610
4984 4469 6134 6361
3356 1767 4882 5210
1307 3154 4687 5246
6685 3148 7901 4769
2554 5967 5545 6560
162 3605 2717 6254
3326 1152 3569 1189
2035 2612 4767 6021
222 2968 8006 3529
4331 1896 5130 3747
156 313 8373 5213
4433 3510 7680 5269
2315 271 4462 2256
5408 3215 6128 3765
2980 1070 5159 1289
5132 3231 7813 3490
5194 5475 7453 5909
1194 327 6532 3166
3681 2990 7891 5376
5768 1623 6095 6184
1798 522 5229 5591
2769 491 3822 1020
694 1695 1111 4164
1470 1579 3308 4247
4241 1017 5997 2152
4213 919 5239 6515
1524 1670 3516 3106
3695 5262 5153 5681
3992 308 8311 4491
4606 2983 6339 5118
1578 1995 2943 2948
2418 2546 7394 3380
381 2512 3439 4723
828 2359 7368 4180
681 459 3498 3945
3842 384 4289 5780
685 138 2669 2163
2510 4945 7739 5187
3158 3266 4825 3931
4133 822 6534 2051
2276 5372 6948 6426
757 2479 3857 3160
6350 2769 7253 3011
573 4801 6768 5152
45 5133 2960 5555
1679 1348 5427 5390
4691 4129 5312 4417
6539 2833 7277 4626
4339 2573 5372 4417
6045 4922 6331 5736
6190 37 6797 2596
3535 1774 4464 6162
598 1571 3137 3158
3439 232 4581 5183
6511 2580 7497 4928
1779 910 3461 5562
7405 1028 7949 3836
5798 4554 6784 6360
2039 519 6040 4065
1616 1664 4055 5870
889 1263 1773 5908
4017 4051 7296 4797
2312 2147 2844 2368
6040 39 7697 1458
5682 2995 7828 3097
2356 4700 3149 5146
2575 3581 5949 5736
5492 5446 6643 5909
5152 4250 5738 6066
1185 2686 1268 6472
2831 2658 4890 5559
4097 3431 7054 6175
120 2663 2213 4284
2821 1097 7027 6356
3299 794 4852 3430
3459 2412 6097 2453
4612 2501 6788 5461
890 472 8098 6209
2500 4256 6977 5859
3092 5056 4376 5650
1644 538 5879 5621
5713 1387 8252 3572
383 1028 2825 3222
2610 2950 5042 5118
6688 1300 7290 1791
927 4847 3542 5949
265 1660 7244 2099
2303 2311 8350 3638
640 1698 4080 2263
469 2036 6679 4011
601 2381 875 4947
3772 4752 5667 5500
51 217 5647 6542
3127 6205 8296 6571
1046 1600 2496 2343
1591 1640 8068 4018
1526 964 5440 2081
3333 3173 4385 6560
3244 1709 6951 4872
1130 3682 1728 5923
6776 1862 8201 4300
1686 441 5070 5910
1879 2639 2294 5535
2335 4145 7313 4356
5861 1345 7849 6256
570 602 7753 3450
211 4254 8264 5958
689 527 2710 5289
4338 866 4996 2974
4683 116 6254 6242
1417 1158 6170 1964
4722 4042 5845 5115
396 1816 5970 3130
6200 1379 6947 3900
3953 4218 5179 4778
4571 105 6905 791
326 4100 5683 6315
1441 5045 3526 5716
702 4278 7762 5720
644 264 5017 3679
1098 4921 3390 5167
6246 663 7270 4881
4219 2549 4948 6511
1752 5835 3038 6505
1326 2772 5837 3290
4243 1212 6204 5061
3228 793 5114 5202
3511 5180 3837 6198
4044 2310 7777 5136
1805 16 6786 5731
4054 625 7642 4378
6558 1750 7904 4882
1979 2404 7763 3509
1747 1543 5314 5889
1024 4802 7936 5173
2905 2701 3168 2851
4542 1345 5591 2026
2168 1580 6903 6570
1710 3132 6989 3639
2320 1760 3216 3604
5782 16 8065 665
2151 1410 3081 3635
4536 904 7716 2595
4079 4397 4413 4544
2084 1879 6659 4109
5131 531 6185 4193
451 1546 5460 5072
5521 1355 6227 4083
4460 1381 6940 1767
1659 770 7769 4089
432 694 8345 2116
200 6481 8209 6550
1550 2209 5758 3652
643 183 5084 2190
122 1776 1504 4196
3126 2286 7487 4069
2298 3178 4304 4675
5223 757 6778 1020
6275 931 7409 5796
2323 5007 7354 6482
4447 187 7160 2273
471 37 8306 3298
1337 67 2857 840
1225 664 5974 1597
4801 2004 6682 3344
1385 522 4114 4983
404 85 4468 2871
3836 3062 6359 3553
3633 887 7227 2449
1676 1707 3431 3880
2865 576 6244 2405
3713 393 6752 2939
3564 1520 6383 6457
1789 3894 8230 4705
539 2982 1048 4183
4366 4318 5170 4743
6 5937 5817 5979
130 445 1358 1988
971 1060 2715 5409
3653 1657 6208 6563
1940 1099 7067 2297
1413 20 3301 5233
3594 634 6622 4076
4370 284 6805 5604
185 275 5642 633
4991 2836 5319 5864
4613 90 5814 472
4813 1601 5256 2999
1147 638 5370 828
2238 1202 5382 3943
1557 3073 2280 5839
7498 2389 8324 2878
173 4866 7174 5464
4172 626 4760 1833
2019 1427 4928 1948
7854 4308 8113 4348
905 3509 4305 4004
566 1244 1419 5184
731 3623 2059 5737
396 1482 6259 3042
3571 4721 4225 5547
2410 4143 4533 5066
3421 1882 8046 6314
8267 2315 8354 2990
2840 371 3456 1666
1315 4697 7145 5155
276 299 730 3429
2825 941 6110 1956
7027 634 8356 5264
3872 269 4098 3994
1163 4442 1578 6330
3108 2545 4103 5836
3198 3252 4289 4509
2513 599 4980 4314
5153 528 7168 4369
538 2653 5698 5876
2137 4053 6567 6562
4105 356 7796 4112
6359 2883 7322 5882
1833 212 1977 242
2950 607 4983 2504
1771 914 3826 1714
1666 3467 2549 5135
1260 2484 1524 2803
3024 1334 3938 6032
4902 240 5547 1878
1055 650 2429 1365
6985 393 7087 5232
2393 2910 7048 5140
5886 1367 8040 1667
3014 2153 8361 3618
5922 655 6939 4616
612 1229 614 5830
6354 5537 6659 6040
2973 1419 3969 3887
3367 1634 7495 2754
972 1425 2207 3815
3595 3779 7469 4712
3832 3482 7701 5368
1375 1118 3007 1495
6975 1161 7820 2434
2222 129 7022 3191
6225 897 6992 1935
5544 5557 6544 6496
2192 373 5676 5066
4005 1129 5295 2124
1605 2619 8358 3798
482 1527 2881 5676
2615 315 6712 4808
5213 397 6685 1581
938 1410 2357 5617
4762 1252 5964 4692
5147 711 5247 1274
2927 1266 5877 5672
3378 3543 4829 5028
1286 394 3441 4124
7023 3107 7412 6395
6432 3416 7550 5168
379 95 2829 6088
916 5785 4211 6537
612 96 5613 3330
4850 3194 5841 4702
2950 1607 3570 6379
898 222 4918 1330
3691 4445 5977 5336
2918 6000 7260 6376
1457 642 4956 3024
3828 3192 6769 3246
4881 2965 6595 4094
384 4389 1349 5710
1636 1044 6683 4788
2975 366 4895 811
130 155 4215 768
6333 52 6527 5273
518 1207 1371 3819
149 5646 1346 6146
4358 2697 6812 2952
896 1341 3736 4924
728 427 2695 4760
3988 3184 7600 4582
3519 1423 5941 5250
3294 1408 7659 5953
5485 1201 7579 3364
1748 1152 5329 6442
2110 3660 5179 3782
2591 832 6189 3220
3234 2101 3744 2633
2128 4231 2682 4450
4650 2220 6428 3989
759 2955 4892 4739
1315 1783 5087 3565
375 875 5425 962
6512 623 8310 2096
3458 1808 4747 5322
390 1336 5613 4142
2276 6064 8290 6460
1040 3529 7976 4101
2593 4837 4874 5910
4934 426 5231 5483
2691 5327 3932 5541
1134 4778 5944 5489
2814 2348 4176 5434
198 4356 1311 5705
30 4227 2528 6529
3358 1412 6829 6096
4702 1168 7135 2077
89 3001 4682 3689
1187 2799 7667 4350
4047 811 5256 4044
2955 2334 6464 4174
497 7 866 3698
899 3157 7012 6339
1324 1508 7324 3230
2856 2136 6862 4594
5103 1868 6138 2009
1849 633 6206 4050
1224 3236 8271 5720
1632 1431 5285 5388
1315 2424 2458 4021
1952 862 3955 3299
4114 2800 5136 3907
2572 1964 7188 3753
3047 964 4146 1047
243 1027 487 5324
1037 4348 2450 4353
2507 2405 6095 4460
3980 966 6869 6498
3627 1797 8121 3170
1076 1066 7593 2316
336 423 4459 5678
971 2268 2237 5685
181 3814 1634 6558
1345 208 5682 4127
4009 2304 6728 4818
3782 1145 5837 3696
6193 1672 8037 3312
2689 2198 5524 3909
357 4518 7211 4864
4851 5046 7438 5549
4515 915 7393 3203
1571 2176 3199 2967
1460 4906 8320 5345
5716 5501 8208 5823
93 687 1274 4674
1969 3010 7424 5661
3401 2874 6190 3344
646 1224 6582 6512
402 1010 856 2191
1444 3157 6737 6277
1737 3442 2134 4355
1539 4136 4236 5623
2493 4920 6178 4923
2857 2785 5640 4537
3242 4125 6969 4386
2644 2267 3220 3394
1936 801 5392 4734
5603 57 8046 4207
6017 1848 6521 4393
1961 3568 3365 6564
3051 1904 6228 2305
4037 1757 5615 4629
656 769 2900 3802
4805 2342 6892 3784
851 382 4352 3983
1564 2342 2404 2583
1592 97 4397 1130
3145 2296 3916 3534
5 357 3872 2250
541 576 7285 5358
4380 4710 5444 5688
2859 1981 7334 4372
4405 3880 6165 4677
1706 3738 4526 5824
934 4890 4696 5298
3808 1551 4074 3215
3006 3754 6355 4044
1098 1923 1765 6022
1790 867 1797 4232
4313 973 6854 4776
4386 25 6604 2539
1664 5262 2708 5977
4565 2491 5586 3908
1484 4329 5623 6262
6052 1395 7706 4276
3888 411 5214 3286
3032 78 6845 2383
6263 1841 6295 3792
121 1954 2473 3290
6832 2448 7472 2620
1744 5026 2909 6364
971 4457 6242 5082
436 1484 6336 1734
786 1505 4567 4340
6583 1312 6939 3983
3014 125 7032 2801
2348 2411 5975 3010
4028 3976 4753 4524
87 3545 1692 5707
622 2996 3356 6088
817 4120 3363 5499
3100 441 6949 2467
3903 1529 6978 3766
1441 4085 6443 5538
881 1197 4615 5655
949 2073 4647 5646
6997 2206 7377 3525
263 2771 1492 3090
1856 869 5560 2328
1399 92 6917 5240
414 3607 1061 5625
754 1288 5092 5711
448 2134 3951 6356
1679 1583 6528 2396
3579 4065 5340 4691
1457 521 7338 4887
832 1050 4234 3030
990 2168 3462 3427
2959 3012 4973 3303
2692 2326 7372 2375
2767 1017 8066 4012
2159 2713 2837 4865
1261 2242 1832 6319
969 714 1291 1024
3881 3098 7157 4889
5881 1757 6927 3182
5084 2064 5130 5758
3899 2318 5235 5388
5885 346 7426 6026
1054 98 2464 4163
1642 583 6234 3566
2142 1672 7628 2539
428 1472 6987 4355
770 3198 7498 3594
351 3139 2667 3509
2802 1480 3583 2091
7635 1451 7938 3273
1083 3412 2803 5007
2240 4620 2401 4699
6616 837 6705 3656
1225 149 4821 3845
4308 1092 4974 2238
3776 2315 7034 2689
793 3378 8251 4433
8 2291 1102 5079
475 1548 2742 1904
2943 2688 7001 4738
4069 202 7055 3085
4527 1900 4594 2586
5118 3619 7947 5042
2054 2134 5195 4601
3605 1014 5658 4484
2037 1656 7754 2647
175 378 4068 614
194 518 6838 3094
7000 1267 7402 1396
7632 678 8203 3954
1751 2166 5420 3727
807 5566 3337 5727
3368 4589 6619 5488
6231 233 6951 6398
455 2014 6239 6263
906 5337 7276 6044
3901 1424 4805 5586
1238 393 6843 3276
4774 2421 5632 4226
6086 3231 7413 4196
3193 3894 3529 6407
2364 3243 4844 5198
5949 310 6034 1375
3310 42 8022 580
474 4518 505 5497
5251 2993 8288 6474
135 5152 6651 6004
1869 1982 6723 2870
1272 118 5980 3848
1372 428 8046 5040
3033 1286 4147 4564
6428 856 8194 1103
7557 2651 8300 4076
4549 1549 6016 4616
4173 4178 5180 5043
1016 3977 5988 5325
5368 1076 5811 3005
3335 3140 3680 5647
1509 2348 3923 5479
513 789 2079 1749
1326 2490 2932 5741
5945 2589 7493 3000
1364 2380 6335 2655
4280 3181 6960 5769
605 6199 3905 6199
2902 993 6429 4480
996 3615 3067 6133
6117 5013 7089 6016
3765 2121 6423 4832
2356 2 4475 2420
2681 61 7168 5185
2081 1109 6649 5797
4199 1312 5719 4948
1132 1792 5792 2189
5848 709 8309 2329
4119 1267 4372 4111
3287 1063 5832 3982
579 1510 6321 4493
3749 2229 6478 3301
5376 2603 8334 5588
969 163 6680 4928
188 2841 4655 5529
5855 3581 8370 3781
307 4968 5804 6405
6664 197 8236 5416
4032 3937 6756 4590
4841 3629 7735 6283
4225 3362 5845 3761
1191 4799 5788 5000
1923 1585 3459 3556
3144 548 4223 3845
1400 222 5041 4529
678 326 4202 1008
1987 41 4735 4062
6771 1712 7168 3288
4044 1971 5201 4542
423 1018 3162 3536
1575 1124 7735 1189
4026 174 7155 4965
2000 3721 3370 5092
2059 1871 5545 5077
5575 2780 6380 5434
1909 2625 6451 2738
482 2175 6377 2324
8028 3736 8229 3922
2872 1170 4867 2610
4861 2608 5831 6201
1538 29 5828 3227
1513 2513 2261 2866
4550 6184 7361 6435
678 635 3197 1341
4041 63 4544 1344
4039 2129 7961 4701
5975 3812 7197 4958
7074 4888 7701 5325
5833 3017 5845 6016
698 1040 944 1265
2728 2224 6979 2321
1844 450 4418 6473
2193 2448 5791 3608
2076 2117 5468 3567
771 1227 4774 4166
1260 1692 4394 4931
1293 3512 2664 6150
4192 373 6203 4525
4990 5842 6625 6357
4256 3714 8122 4572
2388 200 4063 3057
1661 2258 4355 6391
1218 4531 5656 5194
19 4259 6141 5714
628 4734 3672 5993
3476 1373 6138 1404
3275 2599 5560 4563
2916 3592 3309 6174
3482 1595 5057 4468
157 877 2215 2542
3727 2656 8059 5007
448 1997 1424 6197
2379 1084 6235 5609
5098 3259 6745 4089
4607 3023 7869 6103
1514 4375 4737 5335
1098 10 3368 3374
5681 1722 8012 4060
1833 3043 1937 3449
5703 1147 6373 3415
1678 2287 5906 4815
3484 2850 6389 3306
99 875 238 5505
963 603 7229 2151
4403 999 6114 4375
2217 1851 3303 5406
2645 62 4773 2450
3842 5042 4375 5532
1264 3590 2907 6380
674 3457 4399 4391
4773 4567 7244 5255
4855 643 5343 4134
1169 1370 3821 3945
2320 2127 3611 5722
654 2373 2764 5006
2267 1493 3773 5787
1892 1044 8020 2114
2113 3865 6752 6369
1726 1709 4775 3824
431 2614 4776 5042
3563 4844 3966 6304
4444 570 7467 2736
4091 1676 4293 6376
2402 1861 3813 2241
5224 2747 6184 5912
2294 2921 6921 4219
4092 2989 5894 4834
3508 1284 5751 4033
3202 620 5703 6196
5701 1 6569 4311
4004 2071 6793 5184
957 1712 4716 3944
3648 5257 7591 6317
3395 3076 4456 3562
1777 1562 7428 5713
102 1801 3270 4956
4440 926 5505 3704
449 1130 744 3001
1952 3269 3545 5942
526 282 6434 5297
970 1069 6770 4154
975 382 4237 5993
347 229 2079 2738
554 4197 972 5799
1042 1203 2996 4314
1751 2159 2601 2357
579 1886 7395 5826
5127 1165 5976 5246
2554 2129 3550 2862
1923 86 3717 5959
6684 1056 8040 1136
5757 2190 6729 6335
5454 6133 6665 6453
666 3801 1869 5744
3806 5339 6457 5737
1832 841 7638 4773
3754 3332 7972 5235
38 2469 5257 4510
837 367 4258 1311
2740 8 2808 4449
1166 343 6856 4602
418 386 1442 4667
2268 1461 6772 2295
6312 669 7030 2712
2220 78 3581 2178
2165 1432 3551 4955
5017 549 6815 5823
2636 2225 6207 6180
1632 47 6772 2916
5105 1937 7235 3718
2721 1422 4615 3736
5724 3421 7041 4426
3609 1977 4809 5882
2152 1013 3527 2512
3280 1458 4605 2476
4598 3143 7920 3830
2047 3039 4420 6546
4820 2710 5122 5565
1204 4227 2496 6049
6355 3879 7642 5987
5383 2817 6383 6237
3959 1480 6862 4250
1977 755 6309 2789
2548 463 4369 1379
2118 1077 5570 1858
4128 22 5387 5278
4035 3729 4925 5703
1508 556 8196 2058
3374 880 4626 4541
4516 4867 5705 5047
217 3880 7360 5832
816 633 3700 2551
3264 3939 6844 6135
2161 4889 6455 5887
2370 3454 5897 5389
5348 550 7109 6264
4070 215 6090 4670
576 4125 1695 4188
2540 1187 7815 2031
2401 1777 6472 1974
1616 1898 4191 4741
2005 706 5211 735
7134 1231 7932 1425
4556 2570 4606 3869
5583 506 8174 3484
79 1779 6679 6187
4151 2481 8144 3211
4542 1828 4666 3093
1809 1323 2006 2583
1113 2674 8076 5926
583 265 2005 782
90 1748 383 5642
1134 2631 2765 5552
4129 2024 4550 3595
151 3602 5925 4990
6369 834 6805 2435
1201 2978 2068 5092
2781 2016 5963 4491
2457 3108 3412 6140
5069 4943 5828 5405
955 421 1409 5201
3104 419 3680 4996
2668 5200 7778 6393
2611 1484 5320 2786
1801 3002 5640 5313
2664 181 5028 4193
4354 2187 5520 6169
988 1049 1575 4517
2740 1253 6214 4185
2521 3786 5877 4408
5637 4746 6684 5368
1507 471 2981 1815
195 2939 2612 5415
3241 3420 7997 3594
418 543 3792 710
6514 4612 7415 6372
2679 247 6457 6085
1756 3755 6238 6100
3427 441 5246 631
2753 1639 7362 4840
1003 241 5590 813
324 1463 8212 6389
4315 1338 7134 4698
5299 2979 5920 4948
220 2178 5850 6327
2559 2290 4574 5782
1864 5194 7625 5383
3100 4510 4789 4625
1167 228 5985 987
2813 927 6810 1574
2665 3733 6615 6071
5167 1039 6690 4639
4323 133 7165 1597
666 1032 4459 1666
6174 814 8184 6059
2065 4389 6372 5961
3132 2566 7398 3236
3153 2339 4597 6023
6215 2116 8299 6446
2409 4161 8145 4556
4853 221 6363 3381
866 179 8242 2318
360 2481 3493 4252
323 288 6244 6084
489 1403 1051 5844
3890 2254 6266 3282
1827 2627 7846 4181
4531 1778 7545 2595
901 1052 3428 6389
4538 1012 7351 3826
790 1247 6740 1404
2862 1862 6505 6109
2638 484 4440 6404
4503 3520 5981 5283
1817 5183 6950 5900
2655 653 5678 706
3748 3660 7546 5640
4173 1085 5256 1750
2322 2814 6998 5688
1394 2815 6708 6097
1533 371 3924 882
2034 655 3504 1843
6085 965 6127 2827
39 4853 6668 5853
2121 1546 2617 4774
3087 1128 3921 3273
4522 617 7065 791
422 5230 5157 5804
5425 670 6968 1275
5560 372 5732 5261
2358 902 5207 1257
4819 2329 7503 3820
1187 571 7294 4388
3999 928 8322 5815
245 2432 1372 3352
631 1346 4909 4272
3632 4262 7404 5461
1253 83 1519 6143
1035 2769 5939 2938
1771 4052 2116 4794
2854 3463 5510 3676
3027 4162 8064 4821
2227 779 6553 2206
2752 1913 3014 3268
6592 3111 6969 4683
1670 597 6013 741
4126 3887 5603 5543
2638 1672 3996 1675
2599 4514 3094 5326
271 2017 5722 3553
3149 4149 5296 4348
7404 62 7432 5036
1484 2953 4251 4507
5892 3162 7638 6244
1056 1632 7365 2294
6215 2667 7013 5933
2291 6077 4866 6147
5202 2731 6775 3843
1678 86 2593 968
3647 3723 7332 5234
4242 256 7963 2208
574 5980 2015 6001
6224 3792 7112 4370
4012 1731 4880 4937
791 652 3574 2102
3710 440 6973 3522
6930 2313 7715 4368
5047 688 7237 2108
1848 1928 5709 6275
25 326 8319 4947
731 1303 5156 2368
2928 3073 4212 4225
128 5053 5014 6097
6249 5651 8012 5976
61 377 4639 1385
3455 1532 7479 6201
4722 503 6700 2411
3884 923 4910 6499
2569 1634 6262 5028
1197 1360 8170 1867
3160 3701 3513 5840
1950 1622 5756 4400
403 4480 7854 5497
2712 1505 2751 5677
3463 845 7397 5516
3078 1357 6410 4762
6844 4020 6991 5459
2903 546 2930 1449
231 2357 3154 3337
1849 5753 3192 6239
3785 235 5290 4854
7274 2292 7787 4326
1508 1552 2953 5359
23 3775 6294 6527
2307 1156 7260 5225
3573 1526 5353 5077
5880 1043 8174 1800
102 222 7338 3286
631 902 3297 1080
4322 2950 6750 4034
210 294 667 2081
3420 5627 7724 5995
2326 2960 5478 3871
1657 3174 5188 6042
6656 1588 6894 3861
1869 2882 4540 6079
2948 1461 3593 3105
3821 1399 3840 3291
588 2477 729 2616
3548 907 4394 2734
1261 3019 4728 6027
1915 4277 5782 6213
1897 2431 3136 5521
1344 859 5129 5969
911 704 7018 5069
6002 1873 6295 2628
4355 303 8013 3373
3036 407 7417 1308
2559 1895 4378 4948
893 1986 2884 4425
756 934 2439 5088
6100 4421 6998 5707
2379 2774 8260 3844
4350 2294 7606 4630
6082 1991 7385 6125
2629 4787 5595 5022
6310 4386 6618 5003
6344 2189 7842 6398
2744 2036 4172 2192
2162 482 7609 677
380 654 1764 3882
4985 3338 5578 4730
1745 5162 5175 5820
4440 629 7015 1225
5816 1802 6086 6218
4103 414 8299 3523
1817 4683 6557 4919
747 3822 4566 6378
1119 5243 3981 5839
6292 2221 6694 3458
2633 1904 7874 4988
5571 1952 8219 3703
1152 3358 2183 5782
739 2860 3391 5029
5231 1691 6791 2521
5387 1247 6312 2656
4780 597 4817 1008
6345 344 6365 5929
1493 303 1784 5097
705 2366 1469 3044
142 2366 3513 5950
1286 949 6062 4342
700 5730 5801 6479
3673 269 7625 3345
3256 2258 7104 2794
4228 149 6834 5781
3615 2049 5714 3445
3873 2083 5462 4748
531 4506 7526 5241
1376 2357 8307 6455
929 10 6325 279
4530 1279 5795 5128
733 3104 2320 3660
4762 2426 7021 5707
1586 1218 1846 6307
5393 539 5647 4392
6692 379 6722 5996
3257 2725 4086 4532
3107 3184 4652 6403
317 5411 2563 5989
3058 1887 7090 5814
1123 1739 4636 4741
604 2826 4056 5033
4357 3641 5509 6151
2766 1219 6395 5275
513 254 6073 4662
1140 4995 2025 6038
1715 106 7417 6496
258 552 5279 3190
1981 708 5004 1670
2494 5324 7619 5894
4403 2658 5662 4156
897 1983 5225 4886
1718 1723 8211 5716
303 1466 6015 2597
1402 2501 7641 5886
1437 1696 8192 4282
1558 1413 2730 4721
816 1316 7160 3448
4343 1593 6332 2410
2006 892 2721 6246
4928 1483 6788 1712
2893 682 6674 2371
4616 3237 6989 5623
3170 3209 4137 5144
3399 3902 4718 6462
2797 1767 4283 2401
3270 1455 7655 2426
821 278 3059 1306
3211 3451 5494 5611
1066 4770 3657 6492
554 3617 1060 5135
7196 2419 7507 4164
3950 13 5228 3545
1421 3399 1983 3736
2020 708 5033 4681
1499 14 7349 369
4370 4552 4820 5959
5916 278 6706 1225
1377 2170 4576 2226
1982 4961 3537 6223
6304 2599 7338 5605
1889 1503 5029 5468
308 2533 2077 6165
5946 750 6828 1299
4041 634 7766 1968
5195 156 7222 585
3635 1376 4462 5826
404 1152 7957 1484
2031 1450 8118 2277
2946 498 7114 5114
1569 1017 1840 2670
1312 211 2278 630
2511 2963 3523 4707
6209 1852 7558 3774
6769 938 7125 3499
1595 2641 6330 6075
2134 1731 6835 2364
5186 3019 7174 4023
3838 2720 8295 5062
2120 870 6224 5215
3114 2243 7501 2614
1861 3636 6435 4232
1013 245 7683 4644
4533 1045 7247 6098
1674 2305 7318 3414
2915 1498 3738 2908
5083 2438 8186 5803
527 972 2521 2412
492 2729 1881 5250
1387 1666 6154 6140
2297 348 3108 6291
3693 1266 7986 2884
176 802 760 5979
6609 1392 7451 4117
1502 1302 3044 5816
1780 725 1793 5162
110 865 6258 5575
1271 3785 8169 4587
2275 3508 5729 6038
2566 2561 5384 4631
6448 1580 6470 6345
1710 1565 8369 5751
1059 3715 6477 5074
6339 4461 7339 5276
790 2513 8144 2754
865 1829 4371 5455
2231 4298 7609 4772
6468 2661 7468 4331
7130 942 7489 4183
2486 739 6846 1797
2188 1540 5123 4843
979 2576 4310 3554
1975 5242 4485 5744
87 2397 3034 2456
257 1184 1982 1400
2181 785 8230 1703
1860 4141 3626 5284
1025 726 5659 4665
86 2707 5805 5252
854 705 8316 905
969 698 5901 5562
362 3812 6446 5796
3056 571 3238 2234
29 2301 5667 5528
3116 1630 6440 5968
7688 77 7751 5754
4139 2216 5056 2492
4516 2082 5205 2961
753 2614 1520 6086
770 154 6388 6063
3511 1943 7757 2815
4375 878 4676 5155
5849 2510 7030 5965
2352 344 4855 2225
632 765 5215 1577
552 2151 3066 4901
2547 1991 2881 2935
140 1931 500 5508
3759 5872 5087 6225
3840 4231 5403 5081
717 224 1726 2839
4590 92 4653 2720
2275 3402 3585 5085
1549 3422 7614 4152
4871 580 7667 2908
2566 500 4037 1265
1500 4518 5418 6261
5032 136 6958 4781
1555 5047 7244 5550
2315 976 3316 1948
1062 2191 1632 5124
3580 3284 8274 4763
5495 1869 7615 6257
521 1373 2921 4953
316 2327 3169 6225
2876 3860 4321 4748
3727 1420 5510 5151
2367 2388 7862 5239
1143 1677 7838 2426
4449 312 4512 5061
4891 5531 5511 6485
6299 3464 6821 3659
5152 4356 5385 4416
2412 932 3747 4357
5245 2195 6549 5680
4434 1398 8261 2687
766 1620 7714 4690
362 1536 6468 4098
6234 495 7058 2619
2739 747 7013 4759
3895 3774 8037 6208
1816 3791 2537 4718
676 2287 4075 4838
515 3317 3857 4377
753 425 7311 3693
2564 1240 5002 2010
865 4902 3877 6557
3487 4960 8272 6357
319 368 8164 5827
1964 1546 6090 5718
1610 1287 2332 4135
479 4690 4410 5025
4558 3763 6303 5044
3049 3568 7966 4829
1103 4878 5739 4893
2337 1890 3395 2060
5110 1944 8168 5241
3027 585 5434 5317
2307 6365 4855 6553
3343 5090 6338 5220
2819 2047 3587 5890
2924 1253 7401 4901
848 2764 4323 2962
5628 1548 7078 2238
1825 910 4267 3567
16 1372 6809 2729
2838 3220 7851 5540
3347 1309 5617 3112
45 1015 7301 3257
2533 335 5423 4015
1654 4150 7506 4621
4366 3138 4467 4066
5239 1215 6508 3733
1270 612 7029 3244
3982 3249 4053 3396
6008 4672 6121 4934
2813 315 4497 1899
541 854 7508 5016
4151 1046 5816 3718
1189 1189 1302 5273
7291 4908 8305 6167
2129 3164 7726 5776
1605 966 4869 2154
175 1553 3456 3883
3322 4226 5181 4401
3453 434 6812 1778
1030 1212 4072 5897
2083 19 3874 1740
5195 2220 7109 5424
5287 297 5594 5408
3186 1536 3388 1549
6071 590 7638 5846
342 1183 7572 4776
2799 497 4028 6439
1538 1411 2076 4215
1813 3571 5499 5074
1033 1154 6305 6382
5254 40 7932 1978
3704 2247 6141 4800
2859 408 4404 2855
5579 1967 7004 3063
2085 4681 6302 4923
2261 203 7809 4861
3309 2017 3607 3759
126 1753 1553 4734
5002 2060 7617 5871
5782 4717 6055 6263
797 2054 7976 6041
6164 1597 6834 3953
1778 59 1850 1353
314 493 3052 5151
182 243 5142 6111
4281 51 7504 1678
2079 3650 6109 5709
3241 2274 8019 3913
6174 2872 6933 6096
5944 532 6715 2295
3311 3851 5468 4659
2605 1149 6313 1902
354 2305 5895 3304
2586 345 6640 5640
6351 736 8019 6555
823 6214 6193 6400
1749 2854 5942 6001
2399 205 6710 461
3236 2613 3525 4383
2222 795 6757 805
2797 2313 3171 5910
697 1852 6961 5981
1145 1760 7254 2999
5285 5919 5744 6444
1506 2878 6001 3592
7995 1173 8104 3606
2419 2442 6362 4794
3175 3729 5495 4062
127 3233 6007 3709
944 1817 5458 2390
1856 2700 2315 4147
760 709 1150 2585
4415 1293 8040 1419
2251 698 7149 2899
1069 3850 3008 5180
4865 4063 7709 6229
1403 1485 3493 2205
7354 267 8215 543
5416 3019 8149 4780
4681 1676 5527 2829
2610 713 5491 5849
3603 1885 4737 5320
3156 1220 4796 6152
1034 18 1524 6519
1977 2208 5287 6535
1526 2101 4281 3014
275 3851 4035 6223
2832 591 8162 4062
2312 728 5987 2679
3748 2307 6527 5410
4073 2682 6707 3063
100 1068 4692 1522
3525 2097 7284 6007
1269 1577 6071 6149
5096 1487 6997 3808
1868 999 5020 6465
527 2318 1447 4417
3982 2405 7300 3884
36 3929 2857 6302
1160 1489 5563 4797
329 3950 5331 6165
1325 2497 1963 4554
2130 33 4392 258
888 2332 2037 3359
7469 808 7982 4814
3029 904 3627 4807
2748 846 7298 1242
5549 516 5714 1083
3723 457 5775 4005
3911 4376 8047 6027
3449 4566 6437 5684
977 1477 2625 5543
2635 4514 4866 6416
1744 5026 2460 6208
2536 4650 5161 6175
3898 2203 8278 5113
413 4095 1604 5931
259 3418 2811 4253
3537 1610 3688 5276
3679 3948 6735 4212
2337 4499 6951 5023
3800 533 7158 3303
2914 4154 3570 5024
219 1987 238 2799
4566 2865 8064 5248
3055 4031 5089 6096
1080 1031 5608 2143
1089 574 5732 1127
3331 1483 6219 1990
167 221 7364 5254
679 545 5231 3750
1804 3469 1968 6434
654 2272 6976 5718
2421 86 6956 4681
2324 2850 2727 4295
3184 108 4348 1091
3414 4678 5883 5114
5395 2582 6551 5360
214 2775 5224 3137
3286 1016 7770 1063
612 2191 3901 5894
2622 3572 6251 3932
3314 886 4348 2354
3631 636 6330 2702
3689 3052 7532 5133
3840 214 6556 4447
848 5437 2402 6537
2500 1801 3530 6220
3434 3799 3744 5346
4706 4840 4971 4866
2851 4517 3423 5922
6947 2325 6989 4114
4174 1105 6398 5765
5416 951 8244 3593
1967 937 5614 2472
4739 618 7533 3489
1642 242 2806 428
2332 5226 8026 5589
2806 1654 7527 2327
5648 4295 6945 6440
2457 3414 4042 5981
6674 5336 7574 6495
6131 3327 6940 5664
4600 2925 5360 5465
452 3030 3867 3668
2654 1984 7023 4722
3690 1786 5099 5293
942 6140 1278 6195
110 1983 5877 6208
1938 2157 2187 4189
792 695 8348 6059
3892 2437 8344 5214
898 2663 6448 4863
1297 51 6781 1143
3133 870 3674 4505
39 2772 5137 6488
1040 1759 2861 2564
3713 3622 5990 6106
12 1458 2152 2058
3146 5181 6387 6108
3789 167 5076 5346
5097 3427 6282 3708
4359 744 6871 5966
6364 1630 7845 6530
723 2839 5185 4913
5364 2914 6407 3257
3937 1459 5371 6273
1912 4545 8058 5498
166 5271 5727 6377
1285 6261 6081 6438
1039 2236 7366 5165
2536 5371 3718 5643
467 826 8283 3071
2422 1863 5645 6109
2140 145 6873 3573
39 4949 1879 5601
696 35 4804 5343
5203 203 6907 2003
3797 2544 6955 3406
3383 582 6800 1664
391 2131 4300 4411
3611 402 4256 3158
1589 5227 3463 5653
3384 147 4067 1470
2842 208 7433 1717
5383 316 5954 372
3204 275 4771 3044
3181 3416 3844 4532
1487 1052 2203 4284
6033 4093 6235 5233
1664 854 4167 3752
2535 904 3681 5686
2226 877 4028 4110
3116 3308 5343 6007
1518 3970 5214 4304
2319 4802 3040 4982
1120 479 2467 4659
991 5168 3101 6046
3431 3792 8147 4330
3720 1357 6873 4126
358 2205 6664 5214
2802 1021 5768 4368
3121 6247 6077 6464
3535 630 4268 4543
3074 2195 6243 4077
292 1043 4252 2346
1001 1891 7187 5739
823 1456 4239 4813
888 4900 3300 5261
19 1520 3149 5405
1783 589 2176 2993
1476 428 8060 6046
6962 35 7480 4220
7180 3862 7900 4934
831 1038 1374 3230
1251 598 3369 5210
2692 4431 4364 6145
4313 4215 6244 4269
4600 3555 7960 5816
2588 3976 5569 4235
4829 1326 6411 2595
5839 1888 6377 4338
6571 3615 8335 4324
475 38 7226 3243
144 585 1333 6394
4259 341 5318 5649
3511 2852 6675 5111
2094 1930 2329 5437
2013 1440 3730 3443
1686 3117 8195 6029
1351 982 6799 3285
2156 2072 3888 4155
514 2036 2556 5103
6672 2027 6842 2381
425 6172 6044 6572
3243 920 5902 1645
3723 884 7355 1749
2947 2362 3977 4936
2509 1123 4801 5995
2159 4980 2243 6225
2407 2640 7009 4795
1216 4191 5566 6557
1800 1320 4016 4101
1036 1669 7163 6240
5783 3116 6462 4483
4237 530 6534 4693
156 189 1097 6022
2001 720 5727 2941
2358 1107 3625 5185
3228 2956 3534 4656
416 4077 5526 5569
116 2561 1843 3950
1420 758 2135 5449
322 23 394 3041
641 1253 6491 5368
6281 4220 7250 6218
4834 254 7110 4070
2310 1704 6552 4400
7217 625 7396 4702
1706 1629 3084 1779
6177 2937 6852 3601
5061 332 8349 2543
3245 2182 3329 6286
7362 516 8222 1230
90 663 758 3115
1577 2563 7111 3521
3599 1095 4908 5679
2748 1006 7816 4682
5805 2451 8139 3106
811 4000 5564 5310
4941 488 8251 829
1709 3012 7632 5239
2539 4594 2543 4907
2628 655 6076 2357
2584 5236 6019 5781
1534 708 7882 2036
423 824 8184 1591
6273 2596 7188 5903
6524 4647 6923 4758
3017 4630 4185 6072
3265 3290 4442 5214
116 1262 860 6161
6228 4266 6939 6147
937 856 3790 4628
6305 785 7013 4106
5202 3524 7096 5532
498 307 6317 5927
3199 2098 4776 2550
5542 1118 8374 1757
1655 378 4202 5605
5746 1473 6542 4613
6214 335 7427 617
4608 3532 4739 5711
3406 3762 3918 4438
3104 1034 7360 5943
2070 3529 3918 4311
4270 4009 7339 5764
4387 2677 7483 3657
3620 2864 4710 4651
211 5000 6719 5870
820 647 1736 784
5473 2548 8303 2792
4798 1092 5675 1850
3330 1245 7712 5653
1321 252 8015 2495
1799 6107 8160 6430
648 2010 4685 4749
915 118 1958 6520
220 3139 1005 4854
1234 3903 5445 4197
1434 1565 3018 4978
1739 1656 2327 1859
7489 4152 7614 5619
246 4005 2354 6547
2537 4855 7959 6229
4376 3713 4733 3915
1088 2588 8065 3240
581 1304 6261 5927
2928 415 4042 5915
282 3383 893 4904
518 4141 8272 4352
3391 524 6571 885
4932 3410 8049 6243
2927 891 6159 1331
5764 1505 7079 4733
345 1699 682 6176
2322 2500 8295 3561
4536 93 6512 998
5701 5140 5915 6097
1735 2413 2636 5654
391 2321 6941 5340
5371 1338 7687 6109
4440 229 5897 2326
147 742 3395 3726
4184 1603 4738 3084
939 3497 2695 6008
1321 1101 4755 4954
2476 1116 8354 1769
2365 5323 4154 6203
1993 2883 6577 6455
3892 1726 7314 2417
3008 2857 5194 4074
3096 902 6077 2718
3984 757 5217 3584
5179 917 6151 2144
994 256 4027 6218
3352 1465 3609 2615
2048 212 7185 2341
3561 2919 5648 5789
353 656 1033 6013
3693 463 4559 5721
2825 1145 8085 2967
1530 3449 3323 4250
1935 2987 5733 5602
2211 4313 6760 4821
2287 175 6619 3510
1629 785 6530 2187
5192 618 5622 4054
1484 5364 6202 5800
7636 720 8138 3020
338 27 443 1113
1147 1343 6519 5857
481 1652 5687 4972
523 514 6540 4258
6794 2387 7493 5957
9 4376 3297 5501
1035 1932 1265 4033
195 6171 4701 6230
2089 506 3726 5444
4562 886 7778 1991
4990 5374 6346 6472
1683 1765 8352 4994
219 523 4736 2643
3507 2461 7912 4895
2091 783 2518 6121
6582 2691 7931 6542
1964 2023 3458 5505
171 1757 7612 2921
5665 4366 6668 4464
6334 23 8164 6033
6228 1318 7172 4768
2330 3977 3002 6300
6604 1434 6932 4049
4554 2164 7037 6028
3805 2135 8074 4082
1993 4105 4164 6035
2474 1610 7554 1785
5034 1262 7610 6301
4531 5950 7431 6070
23 1625 6398 6182
966 4232 3581 4720
2131 5656 3045 6050
4988 396 8278 4549
4629 180 6817 6188
6974 4809 7632 5454
7058 5816 7300 6108
2794 2203 4633 3118
5427 1063 7186 3123
1119 2850 5413 3338
6581 5396 7789 6245
2243 402 6962 1168
2755 2441 5863 6125
124 3198 5038 3523
2212 2856 6083 5402
997 5000 6522 5917
2406 294 5830 5271
2747 3562 3944 5393
1165 217 3109 1142
3917 741 3970 1968
2531 3683 3222 3705
1363 1796 1512 3072
1780 3275 6655 4473
509 623 6597 3196
108 1128 3580 6264
5950 261 6927 3241
2156 3773 3568 6091
396 4426 6473 5885
635 2936 6557 6037
4455 558 4713 4862
6481 928 7205 3088
4603 1856 5029 5024
5346 2749 7179 4003
4362 2102 4388 3040
1216 92 2712 1481
209 474 1476 2261
2513 3731 8061 4749
1250 217 7662 4885
340 1225 2859 4127
6795 2736 8005 3053
1247 3377 6850 6393
2431 1191 4569 3717
4671 3882 5499 5839
245 1597 7540 3895
1436 635 6147 2211
1244 2459 4163 6538
248 4128 4862 5622
5380 3283 7274 4059
1596 5272 6458 5638
3877 2882 6038 6026
6019 480 6996 2617
2921 292 8082 748
6531 5136 7958 5796
1446 1873 2927 2760
451 370 8371 3310
2888 560 4108 1173
1914 3558 3942 3809
2073 991 7817 4835
4233 5357 6851 6270
513 2659 5979 3164
4788 1244 7749 6477
2376 3089 4671 4678
1503 2157 4658 6135
4551 2628 6389 3807
3110 1447 3388 2971
3380 238 3775 5492
840 3581 5320 5437
2702 1787 4395 4746
248 3564 5090 5889
5953 4539 8178 5483
2202 1872 5179 5697
407 3801 3883 5085
1333 1502 7681 1579
1486 2408 2131 5436
2063 4476 6532 5076
3954 1349 8110 2754
1939 3480 8322 4750
6586 1345 6878 3583
1329 3114 7075 4586
659 5242 4341 6215
4628 2090 8008 4195
844 697 4974 6029
2142 184 6110 3459
3499 317 3547 1753
655 867 3072 4053
4172 1542 5670 6131
1177 3017 7130 6499
1060 797 6505 4475
964 1603 2780 4653
5364 1912 6763 3922
4994 737 6211 2762
5311 1927 6092 3677
2405 2847 2576 6174
376 4134 3942 5854
2812 4875 2814 5262
1927 459 5496 2921
6524 3685 7231 6198
1864 9 3969 3536
670 5028 3106 5187
6289 3007 7851 6440
376 2251 4019 3090
748 2021 5775 2674
1088 4007 1706 4042
4908 3905 5895 3949
6625 1372 6804 5122
2237 3246 5395 4582
4287 3307 7121 3742
6984 3966 7337 5875
1720 2951 8318 4661
1677 1712 2439 4829
5273 4486 7029 6426
2430 3206 7912 6173
1153 1794 4361 5828
1173 308 3738 1103
4179 624 4324 5422
1044 412 4746 4664
2388 1544 3391 3468
4764 3083 6796 3739
901 2234 7011 6321
3524 230 4464 733
3986 3148 4245 3410
2227 490 2739 1901
3819 1938 4770 5513
2204 3134 4776 5792
4111 4092 8049 4558
5173 1551 5579 3226
5250 2563 7854 3043
1240 12 7611 3835
3880 565 5569 5337
2768 506 5630 4216
738 1916 4700 5882
2226 5383 5968 5507
2521 2283 7732 3214
6530 1787 6827 6350
2549 4138 4669 5289
2648 432 7212 1402
3770 4401 4803 5219
2298 166 7548 4106
4704 1763 5811 3359
382 3342 7189 5478
1068 3634 6869 6572
2677 2114 2690 5236
1426 3131 8027 6141
1629 1609 2573 5630
5501 524 7342 3736
2089 2600 5019 2802
6597 2497 6715 3588
186 897 6960 2131
2679 83 2976 872
3608 647 6572 844
2385 596 6277 2566
748 2215 1274 5745
1864 5637 7881 5680
2531 445 3286 1320
3259 2924 7897 3722
4912 465 5721 1442
2778 4793 6450 5002
351 1627 2260 2945
284 1591 6426 2600
2724 779 5519 6330
5329 12 6768 1952
2248 2622 4138 5775
831 5052 5182 5933
3257 3668 3412 6471
1940 2883 4499 3092
1566 1853 7847 4887
153 2887 4767 4870
5445 1327 5785 2209
2877 2291 6385 6085
6187 443 6943 2730
3322 487 5099 5509
4365 2799 5599 4509
1046 2232 3197 3391
3909 2394 4847 3830
3718 1069 4058 4071
6351 451 6756 3860
4656 821 7337 4590
522 5585 4904 6218
3086 2420 4603 4249
1366 265 4246 1516
1733 3626 3386 4646
2237 814 5601 3306
5532 949 6789 1601
6861 6035 7852 6207
3339 4753 8191 5117
2821 1089 4134 2279
4180 1458 7375 2263
1862 4529 5138 5888
5909 3039 8052 5469
2732 1148 2950 1332
4347 1745 6771 6367
1779 802 3733 5199
3130 2738 3581 4549
3705 18 6606 942
1586 4281 2718 5242
2006 1298 7473 5170
3009 4403 6982 4870
6009 6402 6832 6538
2354 2367 3691 3444
2145 1766 5049 3754
1004 2212 2463 3323
1555 92 7468 3711
5746 2015 7302 4256
897 5381 3761 5507
4424 1051 4674 2029
1834 1439 6204 1545
4450 302 5328 1259
1929 2067 2273 4523
4687 1569 5461 5837
2429 423 7206 6306
3261 88 6891 3763
4045 2222 6173 4971
688 4082 4507 6047
5579 2736 7246 4530
942 3490 2217 6139
2083 781 4965 6132
11 121 5483 4594
4972 1107 5544 5234
3736 1515 7812 6238
2004 334 2370 497
5667 2058 5704 5091
5643 896 6598 3323
3903 3088 6694 4030
626 1542 2905 4975
3815 4921 5773 6558
1170 3215 1420 4656
4145 2311 6310 3733
3655 1341 6724 4669
6477 659 7822 4615
295 285 7243 6258
334 167 2163 5920
2560 1032 5700 6303
5381 592 8263 3138
1868 924 5426 4791
3345 3959 6059 4351
2877 1298 6926 4787
7184 5756 7224 5898
4004 3632 6763 5888
7782 280 7957 480
5456 2050 6933 4859
3012 1050 6059 4974
4758 4465 7257 4734
4675 824 7933 5888
1273 2793 2854 2860
329 4426 6578 4735
2823 501 7696 3670
667 1575 5184 5579
5983 200 6467 4213
3309 1088 4624 4254
3274 1390 4761 2262
5045 3818 7855 4673
1568 2347 4059 3253
330 3993 671 4362
7711 2834 8333 6369
3270 5155 3643 5545
2811 2900 7782 5168
596 4242 5142 6080
1012 4029 1840 5049
2660 1059 6812 1990
3685 3399 6338 4914
788 3111 2841 6530
292 1124 3726 5446
4508 5351 7547 6143
601 3882 4625 4511
4215 717 5312 5017
4151 3982 4447 4339
1698 3345 4453 4957
293 526 2107 4811
275 3834 6387 4235
3877 1986 6819 4204
4044 1804 5888 3980
1144 1060 5149 3481
4325 4299 7681 6456
217 2505 5362 3234
2912 109 4792 4889
1030 77 5934 3077
2783 2150 7756 5716
4109 3290 5103 3848
6344 2227 8180 2388
866 5037 6317 5562
54 3752 6025 4054
2957 3621 5587 4255
1011 139 5768 1711
3076 1088 6859 3036
3881 2638 6605 5951
1093 1491 7537 2329
1937 2324 6789 5595
4592 3929 6005 6002
1947 1996 3355 4865
4400 1260 6611 2594
2210 3862 7810 6028
4770 2186 5777 3613
1186 131 3694 4995
5264 77 5308 5775
5934 1417 6158 3370
188 2188 779 5785
1192 1869 6963 5733
2016 5290 3937 5333
5770 4222 7661 4798
6784 3857 8349 4063
2066 50 7731 1215
3819 465 5402 4690
3970 2044 6903 3924
4346 5615 5875 6449
1983 1052 5916 3438
1638 242 6100 1688
6761 1407 7936 6381
4304 1380 4483 4035
4025 3096 4713 6057
3432 1010 7606 1406
4703 5369 8006 5585
1801 198 5372 4803
2256 3612 4115 4273
2589 2203 3952 3061
1112 1837 1473 2066
5632 739 6161 1654
1053 35 5547 3598
1249 830 7637 6121
1628 1891 7794 6510
242 5654 6175 5866
1263 4423 6560 5614
4361 5547 7346 5673
233 4110 4509 5348
3474 2197 7651 2403
3871 2002 5345 5935
1298 1464 2162 2063
506 2687 906 5795
5287 569 6861 5052
506 5625 2409 6205
3011 549 5377 5451
2399 2974 5477 3408
3221 550 5768 6116
7544 3071 8174 4106
345 5921 5912 6488
4859 184 5612 3763
4295 3370 5257 5778
1420 1285 7693 1879
1416 217 1715 3687
7065 51 7834 4778
153 461 4680 5082
308 2499 3700 6440
678 2968 7596 6195
5168 4347 6117 4991
21 1310 8377 5742
5073 3184 6982 5716
163 3213 1775 4903
3038 137 7420 3709
176 490 1824 6051
2605 3277 5260 6279
2737 2113 5611 2873
2985 3198 6302 4867
1778 2711 3825 3090
1987 1320 5443 1835
5611 2144 8359 2256
1235 5391 2547 5581
1553 5012 4699 5696
3437 1855 7328 5284
40 2701 794 3438
2127 5901 5524 6149
1535 3138 5864 3922
3441 3813 8144 4490
1716 260 7206 6221
272 573 4771 2584
3983 1326 5032 6380
5117 3420 6540 5278
4109 3070 8204 4555
4467 3807 6021 5403
1661 3297 3278 5206
1704 3722 5110 5418
3590 1036 5576 3457
1173 1633 2743 3430
5405 2918 5625 6478
419 2 3112 3413
1733 2929 8219 4255
3521 3315 5536 5665
1670 2895 7622 6550
935 714 5723 5643
4675 443 8209 2516
7177 1084 7492 3508
3377 464 4442 2354
2961 4202 3965 4913
1621 707 6791 3212
2788 3764 6556 5780
4302 1659 5249 3282
1858 2897 3289 5147
586 501 2596 1776
830 4348 6593 6272
1430 4806 2790 5570
171 2666 2003 3109
4932 2370 6050 3463
1158 1798 5542 3305
816 1279 1829 3979
1075 2654 7504 3172
2268 2478 6679 2693
3827 2800 4350 5627
2271 4842 5955 5474
376 4244 4418 4354
260 563 3394 2812
1145 1421 3169 3092
5805 4271 7987 4998
993 790 2512 5064
4517 440 5966 2534
6509 949 7551 4006
5022 3441 7736 6089
69 3189 1363 5326
4495 2689 4592 5955
3987 2532 4542 3269
5711 1070 7018 3944
1435 1111 5786 2054
6194 583 7969 1373
1306 56 7300 1999
1510 4685 3265 5421
5747 5527 5957 6135
3532 4453 6939 5015
4526 3264 6830 5767
3734 948 7543 1235
1831 1981 6321 6163
1699 2246 2688 2293
2172 1573 6880 3020
132 133 6290 2608
1732 2194 6386 4149
3358 2606 7550 6273
1602 3444 4880 6299
3862 574 5276 5634
1796 324 2980 541
431 2845 1050 5082
1672 1924 7514 3571
516 2557 6762 4771
1274 687 3995 2246
5797 2491 7164 3026
1463 5975 6040 6123
5844 4744 7269 6252
661 235 6449 1742
1010 2454 6726 3022
529 571 6161 6157
415 5750 1878 6465
759 1282 6354 5711
6510 2592 8201 3922
3647 1117 6339 1452
3451 2653 6796 3405
2889 2506 4242 6035
2834 1594 5813 3337
4488 824 4817 4903
3553 511 7461 1120
1557 1845 6391 4823
1817 1726 6464 6296
2727 3153 5245 6007
5336 4490 6839 5336
4810 1071 6505 5155
4283 1406 7059 2336
2000 3627 6214 4789
4576 999 8198 6373
38 2505 5192 2531
3287 2889 7096 5219
5035 2970 5203 6304
2019 348 8020 2122
2552 3430 7026 5510
3590 1770 6499 5810
2628 629 5724 2535
4029 5233 4274 6084
919 437 5551 481
3546 1587 6794 5433
2145 4180 2923 4369
496 2754 2320 3488
3687 3515 6586 3619
183 4753 2876 6386
5894 3227 8224 3485
6705 1341 7835 2222
2252 3657 2592 4547
5482 1718 6722 5340
1653 2489 5160 6152
1057 2516 1441 3169
134 1695 8016 3680
5631 1 7374 4577
3820 1766 4115 3039
2933 3656 7505 5781
1984 3847 3077 5950
1721 780 6934 4795
891 2764 6961 3357
5426 985 6733 6556
3512 5054 3769 5906
1886 2305 5321 3713
3895 1264 4255 4126
2516 4038 6880 6069
3669 550 7619 3802
3530 4486 5791 5027
979 1601 8159 4593
7432 715 7685 6176
1278 1759 5978 5018
962 1005 4656 2678
1903 4589 6277 6474
3018 301 8199 1515
1378 2099 7305 3088
2834 2817 8144 4343
1472 110 5677 3109
3846 3334 6320 4385
7309 682 7449 3401
6186 2102 6193 4386
1311 1996 4770 5682
3282 4474 4983 4838
1668 2569 2358 5496
4197 3922 5660 5222
4124 1614 5028 5292
94 795 8278 2375
4761 4049 5803 5553
791 1340 1970 5142
4215 319 4264 2017
6151 6 6665 437
1461 5321 1864 5609
2936 3151 3152 4970
1698 3802 2684 5194
175 2785 5550 4982
5216 1439 7874 4209
1869 465 8261 3734
2029 1737 6378 2586
6098 770 6856 3146
3737 1083 7565 5977
4436 2362 5421 3428
776 4305 4910 5277
1898 1691 7115 3759
1211 4574 4518 5322
763 1947 3232 6449
3082 1875 5873 3489
44 1159 1354 3401
1700 1553 2111 3799
1532 756 7842 4594
694 1982 6438 3204
4188 3735 6497 4662
6464 2794 7490 5960
1002 936 4063 3026
1494 1978 5758 3564
4525 3225 4729 5908
5784 3198 7536 6285
3286 389 5779 5624
2075 3237 5355 3344
3932 426 7095 4080
2308 543 3970 3571
811 5098 4367 5368
2372 1923 7367 5340
4739 1039 5688 5517
5891 231 6992 5618
1874 3794 7738 4698
7289 2980 7313 4274
1754 4690 7789 5499
6422 242 6590 5845
1487 1443 3263 2426
4938 2472 5070 5786
1596 2748 7232 4933
2099 282 4198 2491
4835 700 7807 2234
3084 4232 3977 5090
4839 4949 5037 5909
2815 1451 4687 6457
6660 1977 8330 6133
1370 39 1953 1826
4299 264 7231 5540
2301 1806 8073 2103
2297 2654 3143 4930
390 915 3433 3147
5666 2363 7000 5050
559 4100 6845 6523
7015 763 8260 1935
19 3236 1883 6287
421 3608 3205 5273
2703 2863 7396 5513
3094 1469 7386 1780
2064 708 2088 3012
2018 239 2943 2151
1715 5393 4460 5759
5430 3244 7845 5981
1736 4055 3370 5139
2415 2789 2988 4930
1465 4089 8161 6397
545 1718 2583 4108
867 4836 5900 5551
1217 1072 5554 6293
2963 936 5845 1088
2845 1166 6372 3684
6886 351 7831 6317
1158 4010 4153 4055
5044 1023 8264 6265
491 2706 1089 4094
7564 3214 8204 4698
3632 964 5609 1820
223 1732 5000 1853
2107 162 3643 2211
1092 3667 7969 6253
759 2457 1841 2502
1554 432 3452 3474
1632 1429 8056 5128
3205 2511 5637 6276
5123 1641 5482 2676
1080 1852 4169 4028
3988 2923 5430 6042
4117 3672 4432 5830
2701 2972 3871 4998
4462 2668 6199 4848
2496 32 5363 508
789 3316 7927 4360
2389 4403 4453 5130
950 1083 1209 6356
2046 2472 6684 6144
6127 4818 6968 6085
340 3277 5697 6241
4253 496 5601 795
2219 490 3304 5767
3348 2456 4423 5276
70 1808 955 3483
3450 3190 5692 5517
548 1005 5402 5414
891 2820 5913 5814
175 1609 3622 2734
3137 701 5095 2656
14 73 2439 3842
1342 293 6358 1250
501 1077 7262 5753
1032 874 7259 5133
1685 4606 1855 5327
5093 1917 5348 3921
1153 1574 7619 6308
401 1659 3602 5906
2197 3132 3083 5131
1771 4282 2468 4965
998 2299 4157 2533
2390 5091 6122 5093
7350 808 7408 1488
5635 2831 5827 5010
87 2176 4862 3775
2688 3682 6445 5718
2722 399 6773 3342
587 593 4068 748
675 112 7532 5219
4864 2887 6408 5609
6149 2961 6504 5090
2256 339 6605 1384
2253 1110 3091 4082
1936 634 6497 6451
3160 3861 5173 5471
3333 3121 4710 5520
3605 1417 3887 1963
3287 3266 3372 6312
1991 1586 4949 6266
537 1410 3510 2493
2416 3539 3262 5139
60 2246 1146 4808
2578 2315 7180 4263
2611 2045 6401 3693
3486 3600 4830 5508
4239 448 4375 4196
3898 1827 5117 2459
201 1906 8284 3511
2504 2512 3063 4893
5131 2010 5480 2624
2231 886 8129 4785
5277 3487 5474 4588
651 2368 3219 6137
3982 340 5120 6363
2143 3844 4675 4585
3139 745 7788 6292
279 2565 6030 5841
5288 1736 8148 2178
286 310 481 5376
1145 2293 1704 4663
3570 3243 8360 5970
4511 4715 7113 5800
847 2268 6615 4677
2243 4399 7198 6492
601 3189 3379 3857
2092 187 2814 4128
1174 1239 2663 6234
3400 3813 7426 5491
1 1270 3914 6354
4902 3223 6601 3911
1456 319 2268 1800
3265 3337 3464 4658
2532 2719 8336 4877
3765 248 5507 886
1361 3099 4557 4387
4167 1728 8185 1935
3708 268 7846 2458
2230 3740 6467 5250
2062 1992 4011 2325
5100 5421 7495 6146
135 3493 2623 6166
1732 4574 5147 6337
3496 5041 6815 6179
2245 1632 8185 6139
964 664 1019 925
4260 2145 5262 2232
846 183 2899 268
2445 4060 6262 6078
4500 2466 8285 5973
741 2763 7839 3818
820 1289 5901 4224
4068 3468 7152 4219
153 902 1758 6119
4029 1007 7109 2099
700 2065 2229 2645
337 1481 986 6379
3487 219 7487 971
2631 4022 6784 5032
4563 1397 7099 5414
1299 525 5987 4978
2196 2082 5506 2193
2833 129 4368 4155
2341 3010 2991 5090
984 1692 7256 2387
5034 2029 8092 4925
2678 1762 4902 6484
4394 1244 4684 5081
1531 1388 8094 3283
3322 2418 5693 4146
1156 871 6186 1200
929 57 3558 2937
2353 1261 5428 5643
2860 2831 5774 4508
3357 3057 7967 6366
912 5298 4133 5586
402 5201 3896 5768
1983 238 5065 3000
1808 2565 8248 3690
6859 4778 6974 5629
993 749 4093 5730
1505 751 6035 4853
5918 897 6425 6112
1579 3572 2039 6054
1836 2654 4563 3516
1366 473 1831 4548
1057 4017 1402 4493
1674 3589 6412 3751
3960 2712 4486 5991
1739 850 2332 6207
2541 4251 3690 6111
1245 2848 4605 4048
146 2683 8160 4043
2293 212 8097 5560
321 290 4313 2824
410 713 3633 4753
392 3751 831 4199
156 1998 5313 4306
2020 1985 5732 2308
216 1140 4403 1230
347 1840 2989 2703
5112 1785 6096 5090
3444 1295 4350 4561
283 1900 4626 4137
5222 340 5860 443
1772 1018 7545 5147
3324 432 4893 2375
1397 787 2938 3566
3958 2932 6917 4621
2071 53 2373 5957
5209 3789 6519 4187
6517 5775 8305 5885
5340 5923 5605 5933
2508 1376 6951 3969
2739 3006 6257 4965
558 1465 672 2539
6848 444 7694 4593
3994 4362 5547 4847
4386 1019 6618 2157
41 2281 8270 5112
2209 4555 5232 4917
617 266 7697 3776
106 1130 4648 3439
2295 2561 2996 4306
318 2475 4734 6417
7161 5639 7692 5750
5105 2455 5880 4491
2929 638 7438 6428
4534 3930 6563 5153
5658 852 6542 4066
568 815 1867 4805
4420 2587 4789 5474
1279 2833 7764 3353
2990 3126 7421 6526
3262 1658 6336 1851
1767 2607 6967 3807
3205 3306 3562 5693
1028 2448 3691 3650
1366 857 7075 5864
921 4715 7913 6068
277 391 6516 5936
5087 3698 6491 5897
1926 2609 5259 3399
207 4943 6419 4988
3809 306 5265 2688
2522 1187 8298 6162
1516 129 6422 5117
3389 1944 5939 5720
4355 45 7188 438
2775 2801 2810 2897
2707 4800 3060 4817
250 5228 3269 5908
14 2544 797 3679
2220 5152 6125 6149
1058 1937 4209 5395
5060 1220 6318 5054
7981 197 8060 1550
5503 3651 7124 4000
516 360 3109 4480
3173 368 5772 5091
979 809 5136 2723
485 2272 2940 6383
1196 3909 5251 4095
573 447 6916 2620
2172 5852 3428 6521
1951 3109 4587 4754
1320 5277 4819 5688
2221 3584 6019 6537
1683 3367 2553 4634
1167 67 3446 5799
2464 1787 8332 2409
3224 190 7595 2933
2815 1545 5535 2075
964 1156 3752 5529
1538 815 4290 2170
1978 1145 5417 3760
1477 197 8137 1523
364 397 3535 4186
3251 2270 6943 6193
3745 2722 7327 4274
7069 2820 8109 5207
463 548 7534 6377
2318 1549 2948 2459
741 1676 3481 3008
1548 3151 1828 5019
6424 127 6769 1933
3201 452 7075 1369
1777 36 5493 4494
3853 3579 4938 3952
5213 1410 7531 5589
379 2279 7593 4009
1778 178 6288 6460
1687 1478 2368 5750
190 297 3261 3743
774 3189 6244 4450
3531 832 5697 5711
1200 2544 6623 3315
633 2246 1831 4848
729 1609 6091 2790
54 1110 4765 2024
6372 586 7260 6420
2201 626 8191 4667
3786 1868 4885 2852
1385 894 4141 6219
1373 2982 7559 5804
668 3724 8231 5858
802 2228 7878 5621
1004 3737 7661 5147
5641 1297 7948 3203
3340 768 3507 2003
2931 1100 6220 5720
1990 2796 6607 5333
4794 4438 4924 6538
1567 2635 8227 3226
700 3916 6868 4811
3336 1697 6256 5497
376 1892 1988 3033
176 2632 6584 5593
295 948 2275 2883
4660 1932 7197 5423
3903 3035 5553 6239
3766 3048 5936 5658
2502 3386 7271 3957
4168 459 4217 2974
1867 4057 3337 5727
1176 4134 4859 5684
615 1788 3817 5372
1787 1508 5656 3233
5174 2506 5405 6516
3192 1720 3286 5308
4888 3021 7775 3302
1406 5422 6098 6042
3771 736 7075 1467
2231 4575 2984 5524
5252 3973 7696 6545
3088 4025 4317 4705
898 1125 1030 3454
332 1633 1540 3316
123 683 8267 3219
1422 1801 3511 6319
645 2116 3884 4997
444 2438 3857 5330
1821 875 3272 2352
647 4597 1908 5333
1217 977 3347 4130
1479 521 2514 1259
2888 1858 5389 4809
76 1405 6414 3374
1574 2589 4123 3112
723 1286 7209 2013
1961 436 7822 2398
1080 1747 6478 5971
3796 1111 6886 1784
3945 923 7106 4819
3956 1501 4616 2420
951 814 2707 891
5101 80 6961 318
1290 5871 2162 6508
1450 627 5160 1991
4049 3913 5639 6323
2874 360 2904 4531
688 233 3273 267
2022 2812 5917 3402
79 3912 1593 4150
4048 3454 8129 5663
1929 2935 6043 3737
6523 5079 7530 6396
883 2917 2431 4741
4410 2748 7601 4047
2986 2343 4216 2742
6427 2386 7931 4556
5892 15 6234 2010
3502 523 7306 5640
1842 289 3451 5945
1344 3128 6077 3770
553 2048 1425 3592
169 2378 572 4251
3968 1577 4774 5683
355 3602 6584 3851
3257 302 6847 2994
1844 3241 3439 3315
2951 349 5297 5948
2465 2420 3864 5491
6551 527 8189 4642
577 1554 5281 3044
2269 3972 7539 6437
1811 1775 4324 3739
778 3008 2880 4437
825 3384 6598 4781
1173 822 3561 3866
1122 4686 8038 5401
3211 3513 7246 5630
5566 2958 6369 6305
5118 1282 6464 5109
2699 1258 6988 5446
550 1177 3445 4329
4038 209 7714 4396
498 405 2063 601
1153 1616 4959 1891
1380 3187 7062 6571
1774 928 5665 4118
4760 3565 6985 5701
29 6199 3187 6552
2540 3786 5450 6105
457 1279 4904 2594
3834 42 6643 3577
2594 2643 6188 4527
180 1620 8080 5941
335 1068 6573 3673
3515 3271 3687 5277
1219 531 4097 6473
1744 202 4811 2366
105 3566 4260 6556
3144 1098 5956 2239
754 2850 1596 6094
3335 24 4113 5267
63 776 2101 2671
1950 3928 6157 5165
490 774 2254 820
2731 1904 5567 5276
2303 3655 8238 6018
3380 190 7154 5302
2552 2642 7591 3099
3387 1332 6278 6123
313 1859 3152 3171
6445 1534 7534 2973
6121 1044 6651 3078
7860 1399 8005 1532
3271 4500 6586 6135
7157 2331 7612 3208
686 3310 6219 5819
2311 380 7340 1035
6858 4185 8248 4362
1047 4987 6733 5477
2392 4712 6366 6360
3140 4733 6789 6245
565 4554 6880 5041
1070 284 4163 6042
4832 522 5368 6292
1572 4150 3729 4651
2026 127 7530 2088
4403 298 4739 4762
3075 454 8256 644
5936 2754 7314 5289
1433 2357 1793 3653
268 1708 3979 5145
2445 3407 4801 5026
137 1499 4432 6273
434 3787 3149 5146
1144 2103 4718 5548
2356 1508 6187 6450
4183 933 7152 5557
1510 3464 3439 3953
977 2426 5258 5745
5029 1927 7038 3310
1487 1316 7959 3405
549 523 7451 1022
4878 1020 6929 6405
496 1630 6386 5917
403 2731 4764 3877
615 4800 7637 5300
4224 82 8256 6302
3197 284 5140 4367
7073 1828 8155 6264
2061 376 7364 6531
1086 2858 2514 5231
3188 1025 3688 3518
1975 2245 7508 2728
64 32 2006 6465
532 1276 6437 5499
5128 2834 8311 5907
1509 2202 2104 6156
1942 2345 5546 5922
2249 1037 6072 1615
1112 2129 1983 3952
581 552 5870 5967
2530 3638 7258 6517
1929 358 7686 2879
1513 4085 3774 4789
7151 1065 7242 4240
2154 1702 6767 2519
116 704 4351 5068
7874 99 8302 680
5021 2343 6922 2449
2473 4817 5951 5796
3846 5434 5396 5883
3447 2168 4128 2875
725 1799 1353 4864
2899 372 5435 1071
779 1468 6421 6370
3827 2985 8189 3331
54 2774 5271 6456
2399 2669 5564 3512
55 4247 5412 5427
5677 2129 6497 3605
2313 669 6763 2212
2315 504 7338 2121
3681 3388 6031 4611
987 3471 5985 5625
3925 1948 4861 2367
2220 1535 4054 2123
2492 1112 5470 3542
552 2349 737 6244
4433 372 7051 5687
4207 572 6641 5355
5137 2011 7891 5443
1990 1209 3294 3225
536 105 1552 3200
590 1864 1574 3309
4832 2078 5754 2982
317 1764 6296 4696
6787 4922 7878 5406
488 1441 2699 3118
6842 597 6850 1861
409 1274 1127 1574
1909 514 2710 1256
188 199 4308 2093
1283 645 2913 1356
2267 2577 3805 4942
157 487 4069 5625
4 945 6964 6278
1232 1468 7957 3693
5337 48 6365 3287
3458 4225 7375 5988
2834 2977 6441 4707
5765 598 6111 1061
2665 3159 6917 5685
545 5665 1899 5851
2637 5548 5062 6088
3768 1305 5512 1722
475 1157 2695 6469
3270 583 4479 1388
5544 999 6420 2712
3419 776 6187 4908
4094 4143 6408 5273
858 2844 3582 4504
199 4793 4444 6059
707 1124 6457 4184
3327 1115 7218 4669
5274 2 6876 4803
646 2591 3644 4683
1729 110 7563 5047
3667 1883 7102 2078
6466 1287 6469 1500
1470 3013 3428 3538
1465 434 6856 3541
1618 756 5916 2607
919 1471 5851 1538
1214 2285 2832 2409
2277 1121 6227 4156
1307 2918 7272 5938
2780 2883 6870 6315
6058 2990 6506 5777
2939 5777 7113 6191
2095 2353 4869 5471
5639 3667 7593 5025
1426 4651 3407 6150
975 1502 4777 6437
799 937 3005 2241
4430 3044 5352 4179
5222 479 7740 3464
6204 206 6607 5539
4170 2787 6121 6284
4359 4113 4890 5993
2369 3478 3261 5813
867 931 2571 2038
2273 2614 4102 4514
4430 1188 6055 4144
1169 2049 4743 4163
760 408 1220 2346
5295 1054 6971 4858
110 615 2934 3101
3373 1409 6919 4246
2015 859 2154 1807
1743 4907 1763 5824
919 3771 1301 4373
1313 1038 5390 4937
1834 1269 5409 1613
1062 1236 8259 3723
4062 304 7353 1308
2249 2383 5109 5320
65 3317 5264 4351
1730 2541 6013 2704
4243 426 7864 1748
1747 3473 7646 5101
1291 1938 1513 5990
290 3538 7656 5715
878 271 3919 4223
806 5530 3973 6191
2888 3747 3833 4300
209 615 3293 4057
2091 788 8220 1518
2663 2512 7791 5582
2020 2778 2187 6210
1200 4685 6727 5350
1014 108 3068 1975
3122 3621 7345 6389
1650 3977 7436 4834
2709 5077 5455 6002
1259 6169 3143 6418
2634 3388 3929 4275
205 1198 4822 4179
4775 2695 7434 4893
1407 2415 6786 3616
461 3539 4718 6131
1491 992 5715 2726
4042 3471 5455 5918
4496 730 4547 5339
2334 1768 5811 3837
5529 54 5582 4983
2129 4247 7275 6435
218 4995 1495 5026
734 2558 5605 4404
970 2330 5689 6121
5820 933 6408 4968
2824 1096 7945 2687
524 4175 6329 4967
59 423 4795 5058
444 133 5368 3545
1245 256 2430 3082
3885 907 6253 5593
558 2004 6504 6247
3977 4211 4984 5167
5306 569 7019 2324
1913 1469 6182 5785
3408 1118 5107 4196
4463 348 5692 5952
1558 4344 1941 5877
5366 3203 7599 5299
4289 558 5421 2323
2990 1245 4787 2782
5846 2502 6131 6142
2821 2258 6277 2424
3897 1945 6165 4062
4199 2923 4981 4218
6529 759 7926 3686
6103 3659 7524 5270
226 3621 599 3968
1945 3643 4172 5643
2111 358 7560 2199
1557 3460 1793 4752
1957 109 2608 3572
2637 3392 5427 6338
5262 3713 8044 4053
1006 5905 3227 5918
1555 1267 1737 6047
1607 2579 6173 4165
530 122 6501 567
571 2924 6141 3738
2271 413 5469 3625
4682 1510 6762 5657
5319 1364 5943 3136
6240 5366 7316 5430
214 461 7213 648
2190 970 3000 5937
718 3785 7379 4476
4087 59 4302 4000
256 1932 3218 5775
2072 292 2135 342
1764 357 4169 532
2203 2012 2829 5663
687 1833 6017 2500
661 923 6317 1119
3897 1363 6314 4717
1902 833 5003 5923
344 826 642 3233
1490 802 4931 5993
1381 2454 2130 2635
4530 361 7000 5707
1784 186 2128 618
3563 1567 6840 5048
5768 4326 7365 5718
1222 3572 7396 6277
415 105 5338 4429
6107 922 7115 3955
722 1964 3501 5597
2535 2148 5686 3443
5384 3165 7991 6536
4144 5280 7297 5537
2893 5346 7771 6289
2287 1136 6964 2770
2638 4276 4798 5319
1542 2481 6831 6442
4565 1470 7630 6196
839 2105 6840 5808
1149 1331 8063 4583
4206 1194 5760 5282
105 5530 7296 5712
4760 151 6860 1131
7021 2544 7111 6045
2768 3892 3612 4945
6995 2708 8006 3561
573 3338 4610 6417
1829 958 7270 5043
2422 1265 5109 6357
2073 356 5323 3951
2223 4319 4202 5484
1137 2600 3185 2789
5893 4723 5961 4736
3407 1724 7596 5377
2298 840 7469 2743
2589 3183 6157 5643
739 593 5886 3416
425 748 3643 1009
44 359 1277 6212
1979 3097 4233 3915
274 2631 3459 2707
3324 4236 7522 4444
6137 403 6293 3386
1705 500 3091 1639
819 3491 5919 3691
2418 4704 4631 5418
389 4499 6729 5591
826 3744 1554 4795
2466 2328 3532 2806
2823 362 4309 4897
397 1885 772 4772
5716 3491 7353 5152
2895 1732 3926 2268
4025 758 6864 3910
726 744 2811 813
3365 1530 5009 5843
2128 141 7932 359
1523 182 3959 6123
2183 1170 3145 3319
3441 2841 6471 4318
2370 4830 5130 5547
7012 4074 7031 5107
5421 461 6222 2972
1563 3968 1669 5716
4360 1188 6129 3693
2116 687 3442 2765
3398 373 3746 4012
2224 1556 5378 3051
1172 1451 3750 2928
1491 4909 6772 5105
1842 1346 5771 6250
3432 870 3904 2937
1450 1563 2081 5604
506 1690 5971 2266
2486 3528 5541 5384
3418 1353 7559 2429
930 189 4363 5143
1023 1736 1971 6579
4156 2641 6298 5465
5294 3015 5424 3437
2165 1701 3180 3316
5530 470 7208 3076
334 238 3834 3253
5205 185 6811 2217
6666 1032 7605 1495
744 3529 2458 4166
2421 1815 4916 5429
212 959 4135 2787
3366 5537 3790 6040
3963 485 7578 6096
1386 2143 4364 5666
3860 3573 6676 3785
5199 1799 5670 4563
6403 3415 6909 3677
557 3501 4790 6386
1796 1287 7169 1771
4674 2671 7053 5911
695 712 2407 6004
7487 159 7793 4367
5106 2461 5147 5115
1111 4823 4471 5124
2540 2778 7077 4851
1085 12 1564 2518
2715 2643 7803 4989
7008 2768 8112 3786
1419 601 1690 5364
83 1209 6549 3194
33 54 1249 555
2263 3005 2907 5031
4329 2417 6164 3346
4576 1660 6590 5647
2682 1215 6029 1945
3628 5508 4548 5974
1389 330 5369 1336
1471 257 7110 656
598 554 6109 5519
2794 633 6157 3783
591 2444 1159 4130
2377 540 7871 1245
4777 4196 6307 5677
2060 1457 5749 3482
4943 1355 5238 5427
3986 359 5707 2248
3991 1896 7637 3979
3059 2036 5746 2754
7636 272 8079 3760
1826 2350 3490 3263
1192 2104 3490 2288
1995 1500 6221 2092
2754 3408 3016 6180
2021 3047 6568 3322
4049 972 6405 2740
808 4559 1182 5766
2723 2057 7540 5396
2096 2727 2850 4445
2847 149 5930 4453
447 2209 4829 4064
4058 983 4234 6417
2890 2737 4902 2909
1035 2468 8098 2999
1887 1485 7726 3145
6089 2416 6617 6043
5130 1235 5889 2375
658 495 5476 3750
2148 286 4251 415
6264 1115 7972 4771
768 3202 7768 4940
715 914 6199 5130
3550 1778 3608 4081
3869 2185 4054 4840
5524 1141 6293 6142
4977 412 8247 5284
2162 3843 2502 5979
336 2940 1717 3245
3710 211 4614 4197
6309 3351 7530 5352
3484 2109 7225 6327
5731 1926 7796 3797
5928 2455 7386 4090
3412 1765 4379 5029
3748 188 4867 5520
459 5399 4641 6082
2106 1076 4224 5438
3577 2099 4544 3627
3267 3039 7917 5519
3083 3921 7774 4567
81 1443 6330 2972
2796 2700 7606 4590
3969 2900 4561 5783
2468 2862 4938 4950
5264 4379 6523 4593
5219 419 5576 4052
3775 4916 6014 5998
2908 3269 6636 5694
4702 2492 6333 4013
819 724 2819 1952
1844 2560 7572 5655
840 3310 2216 5457
5899 679 6056 1081
865 2501 5527 5671
3946 1276 5969 1636
2466 2288 4638 6310
5997 1862 7067 5042
5323 4402 6098 5696
6147 3047 7872 5933
4649 2010 8296 2056
4142 4392 6162 5284
3569 77 7358 2015
4755 1471 6693 5164
3315 2499 4088 2633
1927 3926 2567 4674
1587 678 2085 2142
1007 5122 5306 5862
1106 1675 2859 3688
4007 3326 4039 3998
1313 90 2593 6086
541 3159 7775 3710
5773 1027 6279 2948
1805 536 7003 2938
1460 556 6952 1255
2147 4904 7007 5210
1315 737 8168 5740
5760 1589 7727 2262
339 4154 6583 5905
4052 1498 4890 1972
5720 448 6542 6512
4601 2567 6158 2625
859 242 1019 4205
381 1108 2594 2783
2112 4653 5272 5065
3930 664 8294 3209
775 5593 2802 6277
865 2037 2108 2887
719 5155 5383 5688
3694 3434 4425 6154
465 1483 5864 1540
2695 805 2917 4379
5179 3024 5563 3533
154 2341 1969 5542
4254 5498 6188 6145
3202 973 5884 1323
1008 3895 6106 4223
256 3667 4755 4303
1785 128 6469 4919
697 2743 2375 6425
805 4208 1473 5910
1220 5294 5903 6137
3581 4907 4001 6423
5452 3140 7934 5166
436 354 6428 5862
1314 1923 2730 5197
9 1482 4931 5976
1540 2320 6632 4299
299 3318 7238 6072
615 265 2703 5678
1105 2683 6178 5937
6549 5403 7704 5580
2437 656 3060 1072
2271 1019 2787 1696
987 3045 1262 5925
3571 4238 7441 5733
4914 3023 6943 5269
676 2078 1313 2148
2799 316 6919 3073
4477 3414 7272 4538
3348 118 5185 6201
5146 545 7392 4404
2550 1283 5168 2070
1917 3246 2200 4406
6475 2631 7117 3857
35 3778 784 4332
1906 4765 5718 5681
1115 314 5012 4184
5767 3315 8287 4196
3476 2763 5516 4661
136 1486 622 5093
28 661 6787 1958
296 2733 1139 2956
90 3557 5236 5028
4380 1054 7784 6111
3421 4035 5761 4474
4967 323 6996 1139
3351 478 6545 4487
3243 314 5034 3587
652 24 6693 808
3819 928 6043 1872
2418 548 7237 4312
2114 2064 2782 3946
159 638 2937 2959
1084 262 4095 5442
2036 1943 7454 5937
1911 4063 4231 4742
679 3627 2585 5991
240 750 877 2876
1955 270 6191 5048
851 3006 7866 5460
1035 3292 1980 4756
1190 1839 4742 5896
473 2622 3963 6297
1636 1803 7711 1980
870 6026 2790 6273
2246 749 2408 2250
1924 1946 4012 4601
2611 1858 6670 2772
3977 4148 7256 5283
4914 3955 6469 5489
3168 3039 4437 6425
4340 841 8047 5579
1071 3132 2218 4277
363 662 1725 3441
3495 2987 7082 4741
2652 2205 8019 4188
6376 4417 7848 6248
6211 732 7257 1419
686 2570 3053 3379
4798 4276 6642 5746
2152 4022 4068 4530
528 1686 2049 4041
7008 1011 7541 2499
862 3074 7189 5148
2221 234 7039 3179
6244 422 7195 4990
824 1605 1345 2385
6725 125 7490 3512
4343 1509 7698 3825
2099 2091 7965 6481
642 358 4467 2983
2528 3064 7815 3569
6339 2022 6446 5826
3050 3368 5023 4284
897 5314 7590 5657
531 1889 1481 2112
1019 104 2028 2190
5317 2798 5879 6141
380 2756 2843 3074
3571 2218 7080 4142
105 217 1670 6217
124 1711 1851 4763
1269 1509 1343 2050
714 616 3416 3502
3044 540 5752 5890
1136 5653 4496 6111
1243 5814 6641 6090
773 3017 2242 5136
776 4300 2887 6251
587 1657 2328 6176
4539 1544 4968 4858
355 6073 7090 6273
1305 2163 5994 4063
5327 545 5400 3877
4782 5067 7342 5768
608 1636 1523 6453
352 3296 8290 3463
522 2535 5281 3902
1977 2852 5791 3853
3120 2451 7246 3318
7322 1808 7395 4661
5737 4116 7005 4850
5002 2320 5652 5189
2331 810 4544 3076
3501 4149 4335 5839
3208 2222 3281 3535
883 1105 8078 6190
216 3959 5124 5766
1708 2343 4553 4386
3531 463 5206 3105
3344 2473 6376 6255
4767 881 6141 1418
5021 5176 5785 6536
4441 1984 4954 2884
3597 2864 7455 2920
1904 860 8246 4947
1884 2865 7199 5759
5125 477 6857 1149
1175 3735 5475 6579
3905 964 4181 4587
5442 4671 6591 6270
2696 1232 4135 3390
2479 3904 2833 4917
2214 87 3111 3345
3558 4215 8050 5573
298 5624 1160 5974
4821 3838 6963 6163
383 634 4158 4253
3758 4364 7621 5054
3971 191 5565 1693
5176 1813 6122 3822
5561 2395 7920 5774
4246 586 8071 2049
4578 1773 6708 2725
3690 2986 7582 4448
3162 6285 4180 6514
7083 4555 7238 6376
5149 2857 6544 4910
2865 76 5496 315
4474 1999 5656 5482
605 2703 2384 5522
6807 1320 7141 5131
93 908 1966 3946
2821 693 7885 4191
2320 2532 4262 5215
3857 304 7529 3463
1966 2072 7592 3400
7013 691 8072 3214
1143 400 2552 3613
1605 199 6391 5670
3581 384 5056 5344
3690 1571 5352 3009
3383 1450 4946 6438
3383 1708 6472 3522
1725 3132 5729 6538
81 714 5652 1857
4332 907 5982 1086
2557 1354 7855 5295
1119 292 4316 3077
2109 1816 5450 2796
2113 2857 7269 4995
1872 4621 5183 5875
87 1335 5319 2217
1805 4899 5659 5213
942 3168 4181 6047
1189 35 6639 989
2110 845 4398 4767
1119 1532 4384 4929
2356 1327 5779 4995
245 3014 7341 3640
826 2594 5407 3460
4774 3774 6104 5659
374 4603 4478 5087
1217 1628 4095 1938
2803 3166 3592 6427
1630 1004 2912 5667
7306 4207 7952 6540
2871 4153 6471 4873
2318 5795 5214 6045
3810 1344 6663 3336
5584 3828 6307 4290
1657 4934 7946 5947
1211 2034 3802 5467
3382 1513 4637 2732
2742 1244 6846 2782
151 4204 4112 4592
1858 5460 7461 5714
3411 122 7392 2336
273 1214 6385 3867
6265 1055 6846 1233
4745 3546 7590 3600
624 2021 4317 4789
618 1953 3794 2469
3454 2183 5421 3457
2919 4128 4211 5270
2517 5528 7203 5622
1365 3257 1912 6533
554 1103 1730 3298
1285 1145 3737 3808
4552 125 5835 3766
2018 2085 5037 3427
1838 571 2099 1260
4765 1560 7211 5755
2602 3941 4896 4609
4867 2430 6527 4748
224 1906 6167 5582
1815 2979 4443 3268
3487 3589 5597 3762
295 1409 4055 1921
1161 1443 2757 5728
1967 1681 3289 6373
152 3353 6674 3920
1840 1135 6982 2834
4431 3728 4649 5766
2827 1949 3833 3018
658 5300 5011 5647
7144 2357 7471 6353
3429 416 4036 1292
727 4233 2826 5430
3579 2763 7752 6327
1838 3354 5986 5584
2905 1417 7306 2956
2070 4898 4087 5635
1254 106 2987 3935
4525 3821 8243 4663
8083 2829 8304 3777
3793 18 6065 6321
322 4894 3828 5526
353 391 6711 6053
4196 3793 7864 3941
315 2885 625 5071
1496 1247 3660 3392
1062 4819 3405 6455
287 5612 1856 6428
3104 3363 7498 3581
3206 647 6554 3735
1147 3758 7218 6009
743 32 2565 4437
5559 4381 6230 6234
2478 2828 6494 3096
2748 4002 4902 4008
1196 916 2947 3144
1255 1261 3980 1932
4853 1716 8320 3072
914 3311 2977 3915
3578 2730 4984 4560
1984 1639 2759 5841
5379 1775 5646 2037
5268 1490 6113 3340
1677 4015 2423 5688
3842 1676 4094 6092
955 485 1601 1649
1772 384 6165 2378
4743 801 5999 4933
2846 749 3313 2527
870 490 8200 1946
1528 1381 2658 1820
4562 564 8190 5253
854 4317 5380 5855
874 1764 1132 5847
2598 1037 7271 1324
682 3873 5102 6154
140 786 2785 3443
4095 1856 5341 5988
3442 901 5591 5874
2372 5346 8119 5439
1927 2003 1947 5575
4967 3981 4976 5250
963 1978 2722 5227
5493 325 7977 6483
3098 2478 4160 3110
1923 93 3677 2120
4838 2110 6070 5846
3831 1032 6101 4379
1216 140 5057 6196
1429 3183 3609 6482
6786 3774 8087 3999
47 1571 1017 2661
285 245 1483 4405
4335 4430 4390 4554
328 1792 6738 6393
4487 1970 7088 3626
852 4018 5885 4245
3260 1401 4782 5653
422 4223 6861 5119
1238 1060 7223 4863
473 3702 4514 3914
2501 1997 7725 5856
3969 1562 7009 2397
1506 3582 7715 5821
5862 689 7438 3100
4263 758 5834 1103
2142 583 2939 5763
2442 5212 6056 5754
3900 358 7359 2494
7003 2431 7023 4181
289 2884 3996 4378
7048 1923 7316 1997
2248 2076 5102 3194
165 3294 1638 6189
7565 3023 8309 5550
6135 369 6265 800
249 1139 1077 5824
2672 2929 4587 5591
2396 340 3635 5323
344 4527 7801 6387
3379 2950 8236 4555
2 2085 1307 5931
2702 2413 6586 5422
887 5873 1628 6473
509 898 6626 4659
2775 1551 6506 4586
259 1975 3914 6408
739 922 6156 1314
4280 1868 4336 5198
1964 607 4308 3325
815 5455 7551 5840
5260 485 7139 3591
4515 1292 7530 5427
798 3112 7564 3567
117 2047 2023 5179
5902 4263 7443 5932
1938 4703 6488 4866
1219 326 4948 5418
3668 3829 5328 4455
1850 620 2996 2626
4448 2150 7985 4448
6331 264 6350 6399
2801 3351 6676 5988
2527 202 2770 3544
1620 498 6639 2020
1701 4602 7944 6256
1182 72 3628 3542
2134 517 6994 5778
2045 4789 2089 5868
7106 5244 8237 5990
5326 3763 6211 6448
1244 1694 5089 5122
28 3430 4761 5491
2469 1693 7808 4144
1104 4759 5287 5560
86 2151 6587 2844
234 2326 3398 4064
1243 308 2248 679
3228 2598 6657 5325
2286 1597 5181 3884
2606 2296 4356 4652
5534 1179 7639 3751
2861 2037 7126 2640
2947 2703 4249 3488
287 3831 2935 5695
1012 4932 5343 6282
1875 3072 1952 5844
4756 212 5749 815
850 4008 7802 6531
2985 559 4640 5091
2022 5249 4603 5284
1320 1652 4017 4370
1130 2471 4121 2604
890 860 5907 6549
1821 3750 7060 4897
853 5009 1327 5081
2685 557 2722 1809
4014 595 7198 6007
1010 2352 3275 5365
7057 2020 7111 6556
1531 3302 6798 3389
3123 3656 4472 5699
3974 577 6241 4189
7286 1120 7722 4300
5306 1507 5904 5135
2745 595 5460 1945
1752 892 3236 4081
1051 1554 5503 6225
2189 3638 7592 6148
366 2914 1498 2924
831 1171 1483 1826
6690 421 7253 1021
4293 1906 6882 2057
403 452 5347 2703
201 52 6075 5643
1931 2148 7588 3086
4546 1625 7028 4162
5431 2113 7062 5734
452 2144 7494 3076
1530 2466 7459 4894
1743 940 4140 1814
2972 203 4513 376
2651 147 3979 2697
4140 148 5744 5263
3674 3247 5298 4254
324 3221 5079 5318
725 3032 2057 5338
6457 646 7585 1562
2875 3024 5318 4155
512 585 5905 1710
2536 5262 3669 5639
604 1009 1695 6551
2698 4359 3119 6092
7546 3883 7671 5406
4190 5492 7278 6076
3263 639 5688 5638
3265 3822 4989 6469
6076 4727 7906 5835
1994 1009 5587 6174
1772 3401 1779 3410
3633 2213 6957 3003
5638 3049 7055 4439
2633 3899 3501 5638
67 314 1783 2383
1531 3372 3993 3954
631 1970 7676 2357
1468 4312 5164 5680
2664 1246 2826 5818
196 1517 7378 3061
1230 374 1810 2335
1415 1885 6470 3471
700 99 2598 2323
5145 6 5855 2005
6102 3721 7940 6242
2625 2762 8148 4694
4000 395 6766 427
3925 4538 3940 5390
2489 898 7406 1438
2057 886 6900 3541
1564 966 7208 5008
4343 1379 7143 5186
1208 1330 4565 2465
4414 109 7922 2259
1377 40 7789 2347
2756 2446 4725 2520
2365 1051 6690 2544
4802 2188 5361 5153
2082 3585 4229 5213
5865 3584 7091 5624
4077 1222 5950 2047
6706 2477 7010 4082
266 3616 5691 4745
2108 4196 4234 4420
2433 2181 2909 3032
2254 304 4102 3552
880 3573 5208 5222
1147 1785 7382 4864
459 660 6505 755
4952 2068 6389 5247
1252 2194 2147 2316
6828 48 7589 2179
1554 116 2226 1268
5098 1781 7944 3596
4144 1265 5213 4240
7519 410 7654 3954
6290 796 6383 6232
493 2430 3571 4966
18 505 2459 4328
3988 2415 5862 5996
4756 3618 6312 4612
4406 2905 7269 2988
4333 2674 7078 4968
1617 1168 4095 1991
1495 250 6958 4096
229 1423 7458 3206
1930 1526 8361 3969
1201 1878 3286 4291
5883 2007 6791 2839
6082 118 6657 771
3580 2462 5642 3218
2014 716 7573 5172
1255 1015 6335 4968
78 2136 1426 3737
662 1389 6125 3597
7577 3466 7980 5991
5543 1274 6952 3322
443 1994 3562 6199
5454 234 6582 5479
581 1903 2398 2663
3840 2791 7652 3929
2635 1920 3518 4958
5526 178 6011 3392
1255 1443 1327 6098
57 421 7676 2999
7238 289 8090 1185
5915 3073 6632 6093
1804 2798 2345 3206
589 1306 3444 2766
964 2218 1840 3085
2571 4701 6755 5573
868 966 7448 4620
4611 6096 7927 6513
6315 4384 6387 4441
2360 1940 4981 4544
2016 1392 6633 4922
3813 1257 5880 1827
360 2763 559 4534
1351 202 4977 3345
657 656 6320 2879
6338 1972 6596 3904
1523 2703 5644 5581
3264 146 5956 2632
2472 1652 4336 1726
5946 5361 8277 6315
597 3134 3401 4901
1703 4381 5733 4880
2724 4381 3025 5994
4880 1562 7013 3761
2873 832 6348 4884
434 1124 2422 5176
1741 4234 5650 6058
5535 335 7892 6569
3335 573 4028 4303
1841 433 5066 3084
1543 913 2834 3182
1087 2455 6086 5777
1743 3005 6383 6302
1777 614 4108 5624
714 746 1891 2376
2706 1229 2825 5726
1107 448 7647 3361
1809 4313 6505 5667
2613 1553 3152 2670
2376 3527 2725 4504
5596 4706 7464 4980
165 1915 5429 6445
645 2124 5402 3378
639 1356 8030 4514
4487 2944 5323 3207
1037 3235 5271 5333
1508 1489 6828 4790
1478 752 7531 5481
251 5907 8014 6372
7947 1095 8132 5267
7386 4220 8115 6400
2408 1540 4521 5194
538 345 4930 1898
277 2556 644 4880
2388 2214 7583 5210
719 2527 2733 4009
1920 5402 2133 6544
5973 4489 6736 5070
620 2122 5417 4735
1578 2962 4210 4452
7639 1173 8359 2769
2556 4356 6581 5991
5818 318 6635 379
36 2966 3459 5684
1976 1867 7242 3457
2765 846 3274 2144
1688 5513 2237 5728
488 985 2057 1078
6713 5864 7849 6405
1870 3660 5861 6144
705 2642 1037 4453
2851 1663 4793 5270
1967 246 2690 3874
183 549 6639 5827
1835 3730 4731 6074
1218 42 5556 5765
3402 1584 7591 2652
1421 1429 2567 5792
219 642 253 3369
4081 1814 6589 3107
2625 1247 6055 1375
6067 3050 7629 5939
4337 1503 5740 2422
983 4707 2873 5334
3216 1713 4462 2580
793 1037 2378 4607
106 1041 5491 2335
1707 3542 3611 4513
3102 1071 6139 2673
765 2631 1079 5963
2618 1542 5699 1800
374 568 5607 923
2901 423 5788 6151
399 3852 7145 6456
6224 351 6332 6209
672 1842 5057 2247
2884 157 7624 5302
2126 2343 3901 2523
2908 1256 6969 5827
5340 629 6404 1207
766 2201 3733 4927
3558 758 6895 1960
340 4153 5309 5967
1110 3605 2959 5262
1688 886 3585 1006
6384 993 6777 5256
5511 2926 5721 6039
7 2421 5394 6058
5448 313 7681 3739
409 2175 7990 3051
530 827 7530 4983
2541 769 7653 856
4041 3773 6875 4498
5895 3886 6688 6185
623 257 1535 5688
36 151 4882 1251
2967 4651 7946 5863
3783 3480 5638 5987
932 129 1095 1012
2166 851 6864 1317
1989 4130 4844 5390
5905 4060 6894 5066
2941 3465 3936 5768
153 1552 6872 6466
318 1185 3638 1333
1526 4749 3476 4786
1 5439 4972 6129
868 2129 6766 4582
785 1023 5338 4606
1686 1953 5554 3021
1813 2969 2175 3202
5019 1184 5112 4639
1919 616 2799 3434
2787 1233 5227 6370
3993 691 6878 2215
4966 470 7556 6331
1827 1809 7204 3278
3553 2498 4217 5035
6231 2110 7199 3649
1430 1545 4517 5585
532 2259 8332 5836
2039 3287 2141 5154
4346 3251 5607 4753
3715 3708 6000 5076
955 1602 6665 3800
5589 1098 7065 1481
1321 2315 5981 3839
4089 627 8160 5655
2731 4196 5827 6046
4269 1788 6940 3642
1913 679 6008 1988
2167 4025 6916 4413
1061 1042 5911 4953
5626 208 7096 4189
5915 188 5945 518
2997 853 7316 5812
2059 249 6921 606
4474 3418 6808 3610
1476 756 6005 4166
4532 4763 4592 5134
5833 993 6531 1032
3178 3729 7158 5577
1297 1251 2740 3445
1813 2015 4185 4703
3381 871 5226 4659
1324 5360 7385 5487
2078 1714 7979 5982
2919 2773 5609 3545
6905 4039 7832 6133
4281 528 5256 2529
697 2928 3633 6198
2963 3194 5359 4147
1687 1535 5914 4717
2380 559 6362 2830
5428 2105 7904 4268
2152 1182 6995 4750
7899 4611 7931 5337
3213 293 3713 5237
3132 1156 7388 5891
3871 4697 5879 6508
2059 6116 7217 6578
3540 5981 4910 6571
1423 373 6867 4459
5647 728 8123 5399
4112 4374 7308 4593
414 1842 2592 4731
789 1528 6006 5193
501 1377 7621 1912
2921 1389 7327 2830
4127 340 6157 2133
179 2588 4171 6549
4555 2316 7036 3890
423 534 5437 3329
628 4966 7701 5593
4608 599 6440 4832
230 4662 1247 5855
115 3583 7959 4451
7383 2291 8026 2990
4097 2241 7769 5413
664 904 1192 6201
760 456 7382 6299
1989 607 8009 4378
85 3803 3101 4875
6303 3064 7620 5598
3049 3390 8054 4208
2198 4059 3043 4894
1203 1652 2744 2173
618 562 1629 5354
5285 2167 6894 2772
1427 397 3744 4643
963 1668 4234 3288
3162 887 3289 1260
596 2992 6596 4623
1808 1656 2208 2128
4278 1379 8257 1898
2160 2587 6309 5496
4154 354 7192 974
4163 257 6012 1510
2662 5199 6797 5244
231 44 1615 4114
3324 385 4723 1972
4182 1619 6117 6553
5718 166 7640 492
373 2923 7680 5014
951 2716 3442 4618
4278 2861 6713 5421
4859 937 5172 3354
819 3780 3301 6270
5226 3278 6552 4201
5145 1379 7611 1966
3898 2198 5049 3081
3770 90 6146 1767
2810 43 4213 3736
690 2153 1482 4410
3248 988 7037 6198
2742 4350 4647 6159
1110 3049 2529 5004
1373 1007 4298 3933
1412 1362 5060 1635
1995 40 4428 1393
6841 1430 6864 4466
2933 1274 4368 5827
2068 459 6304 1916
1068 268 3417 4853
4651 781 5577 3304
6637 1843 7939 3433
4222 2152 7602 5205
979 874 8131 6127
3847 2486 5406 2834
2898 2918 6856 6492
4237 127 8264 1080
1158 356 6995 1612
900 604 1760 3744
802 330 5021 3876
3803 3924 5855 4249
2415 3236 4385 5099
3813 308 5170 1603
1524 661 8335 952
1079 4384 7829 6383
1268 468 7156 4127
629 2352 4842 4286
2894 352 4666 4099
6040 1511 6139 1833
4054 673 4175 2476
610 1580 3416 2437
6425 447 6897 6480
4422 3457 5473 3965
7560 552 7684 4885
579 4128 930 6397
30 3988 798 6519
2742 2244 3917 4279
595 1851 4980 2794
2032 3868 2646 5416
755 1722 7059 2961
1712 3548 2603 4976
1656 2829 2111 3137
1426 796 1968 4080
371 4145 7646 5029
2019 1759 7381 5058
2084 3859 8104 4879
261 1027 4424 3080
288 3771 2108 5262
1909 2930 7398 5044
5372 4258 7791 4760
5488 915 7857 5467
711 3724 4438 5460
528 757 4343 927
3140 746 7569 5654
5102 3736 6439 5962
219 39 7588 3227
3321 3330 6860 4284
218 2406 7189 4320
1095 3903 5094 4103
747 3807 3426 4205
2075 103 2278 4516
167 1233 7141 2443
389 1169 8165 2489
4140 2349 5716 3278
321 1948 3461 3216
5980 641 6294 5792
5 487 7212 4000
3151 5623 5709 6006
400 1084 4391 2928
1266 389 8208 1963
4682 73 7311 4368
622 277 5262 3367
1344 1526 1823 5039
1775 164 3916 4205
1218 1749 2511 4019
2828 2282 8035 6576
5232 725 7951 3157
4408 30 6471 6370
322 1337 562 5707
144 888 6104 5606
3396 193 5141 416
1267 5538 6404 6159
2070 4822 4068 6137
3839 351 5091 2697
1697 603 4481 3105
4576 3295 5998 4969
1813 1414 4378 6277
3776 2394 7870 3541
229 288 6269 3760
2930 4249 6428 5025
2954 2226 3626 5552
2118 3038 6552 3821
4985 541 6640 4345
2656 1090 5149 1761
5701 1820 6071 3519
3453 663 4988 1279
504 1590 7738 1598
3451 807 6275 5249
196 958 4834 4640
271 3927 5019 3930
4662 594 5607 3815
927 1627 1093 5092
3485 810 6579 6353
2009 1474 2376 1922
6042 2358 6807 3223
4108 2299 6803 3750
1135 3494 3483 6314
1560 295 4713 3035
1430 2747 7494 5432
2151 1599 4268 3971
5413 3400 7999 6373
6287 3515 8042 4546
3907 2537 7310 5536
768 3653 2164 5765
4218 1953 4455 5872
3482 2333 8181 2485
3875 4362 4571 5663
1718 2281 6812 4479
2885 466 7827 4092
3291 2818 4205 6351
2265 3802 4255 5757
264 515 6291 4558
3653 2925 4756 5661
2167 2231 6481 4484
521 1135 2469 5916
3619 434 6017 6371
2999 99 6290 5013
5941 2703 6749 5741
4824 1933 4944 2331
2061 1294 3975 2148
3761 693 8228 3050
2137 445 6869 4877
1430 556 5933 3757
4586 117 5152 4016
5144 948 5366 6249
691 1509 2541 1843
4869 2374 5865 5830
312 5101 4495 5457
7168 1177 7556 5290
1100 2379 3659 2922
1096 3104 3449 5804
4571 1856 7425 3942
5087 2450 6176 6445
4810 814 5728 5478
3708 1625 7025 5188
3028 339 3467 1255
5377 7 6742 6052
1875 3160 2270 4166
3615 4726 6124 5790
2031 2476 3939 5268
3404 1318 4490 2027
1471 2709 3658 2818
3838 736 7433 6029
105 1231 1027 5465
750 933 2091 5690
569 1147 1974 6116
5952 3424 6287 3747
18 2284 6538 5949
3287 5871 4258 6324
2023 2230 3742 2437
1222 374 5938 4072
6563 5541 6634 5902
1754 1650 2972 6079
6006 3148 6279 6323
1252 6102 5702 6428
1756 1435 7135 5595
6220 2908 6656 3996
37 1008 3780 1779
1841 5288 4383 5338
6167 957 6997 3188
371 2314 2670 2648
2417 1852 5299 5753
176 766 892 1766
2412 1200 2940 5296
5325 2354 5410 4282
2421 593 2964 6450
152 165 7956 5742
199 3277 4281 4104
4507 2131 6095 6301
5594 252 8047 3290
1769 3695 3895 3850
1170 1868 1641 2316
1467 1602 5671 4811
2130 3742 2327 4116
2457 400 3305 4756
2822 592 7676 6248
2626 1095 7249 3289
1866 2065 7375 5717
2264 3461 3885 4557
2846 1197 6232 5214
2127 494 7656 2678
804 1651 5008 1809
4274 164 7768 6204
2545 142 3443 3143
742 63 7914 792
3312 687 3351 6551
88 635 7018 5146
3393 3566 5117 4680
5384 2999 5905 6058
6641 3738 7791 3821
1282 792 6696 1665
2544 2112 8222 3719
416 498 2946 712
533 84 6146 2989
2994 4752 5642 6405
4639 1191 6895 5889
6778 2077 8293 3963
1260 1524 5163 1899
979 542 1909 868
751 542 4427 5771
1703 5028 2703 5972
838 1102 6458 4525
4265 1795 7513 2088
1773 2040 7788 6479
4063 942 6885 2567
2534 734 4341 1269
1100 2650 5189 4717
2326 5034 7848 6464
1234 1930 2691 2852
4891 2056 7752 5627
3367 1050 7509 4457
1652 1231 6345 6239
1887 37 5284 6553
1543 1124 2827 2564
2421 2664 4041 3559
5376 5300 5562 5436
1509 1143 8019 4222
5161 905 6609 3028
5235 2486 5828 3549
3743 1027 5506 6302
5850 4161 7080 5820
1601 1466 2841 2865
1384 644 8000 5157
3823 132 5040 1597
3587 5234 4007 5911
4196 608 6484 3398
4017 4882 7501 6347
7889 1810 8031 5012
802 1259 6261 1767
7169 2471 7876 5259
1584 275 4369 2676
1987 4707 7256 6119
1386 4552 1546 5264
4220 970 7417 5858
2676 3953 2781 5066
3925 320 4716 6543
4026 5021 7946 5272
5493 1939 8284 5452
1836 407 5884 2464
3128 2072 6804 4849
2671 1100 7733 2632
6578 2794 8306 3588
5206 3050 6962 5942
1397 1537 3312 2568
698 1312 1516 4579
170 5452 3402 6304
2222 1019 7458 5488
4860 3551 6343 3746
359 454 5789 3696
2699 349 8066 5475
5016 1294 6456 2018
490 1497 3635 1919
1094 116 3195 5206
7310 171 8338 4957
220 5124 2129 5282
481 2270 6887 2417
102 5153 645 6200
758 410 5082 3100
3908 1654 7568 3867
786 602 1626 4400
928 2840 3559 3968
4004 186 4249 6030
125 820 1447 5349
5025 1776 5407 5533
351 1666 6852 5986
4338 351 5485 5793
918 154 3557 5283
4700 977 7341 4370
3369 1054 7122 2159
2838 1242 6225 2312
3745 2415 5854 4913
2911 2533 8256 3151
7185 149 7878 3855
248 4056 7251 5676
2989 1241 7321 6569
2352 4445 6631 4446
2871 444 7598 2990
5360 1405 7089 5929
1115 4363 4849 5631
2477 1892 6442 3377
3002 1544 7134 5019
1647 2771 3395 2972
3369 2137 5247 4279
489 3009 2420 6077
291 1055 633 3788
125 3995 7434 5644
958 954 3694 4652
985 258 5951 426
2660 174 6317 4019
2768 2022 6797 5145
479 4418 7579 5413
5369 2357 7438 5527
3763 2214 5345 4646
546 5647 3650 5946
961 2043 5824 5351
1296 256 8103 1500
1637 3246 8231 3760
611 545 3377 2445
2870 419 6250 2479
3562 123 6999 3400
6801 800 8369 3847
491 3389 1273 6398
5905 4998 7045 5625
689 2744 4724 4318
3316 2815 7234 5148
3843 4773 4795 5795
301 2049 6026 2819
2882 1691 3319 6388
5243 147 5545 1846
6884 159 8016 2427
539 2135 3439 4294
5925 1697 7934 2505
1022 263 3259 1813
4460 910 7548 2057
891 1128 3370 3968
896 1167 5359 2840
2858 1229 3221 2958
6985 1404 7350 2572
3686 2211 6732 5399
496 3376 828 5635
4026 1997 4889 3466
5857 1974 6796 6248
679 2799 2347 4112
276 3370 7080 4797
4630 368 8204 5723
3333 4603 7093 5235
1544 3554 5057 5708
2206 77 4591 84
5488 2006 7202 2198
296 4067 2867 6146
4865 4559 7170 5511
68 1564 6264 5269
4493 205 7262 4137
69 125 2322 5360
1415 587 2109 1503
5420 4590 6882 5880
1314 2695 4950 3069
332 3751 2607 4551
518 361 8361 2442
4780 2914 6769 4611
4223 890 6131 3174
6133 4461 6188 5900
475 1514 5007 3105
2960 4201 5479 5752
2138 2680 4226 3808
177 1565 7752 2060
1866 856 5201 1131
2440 1288 4740 6184
3967 900 6954 5363
2081 3140 2522 4295
3061 376 7014 5241
2305 3197 5635 6007
2909 5293 5575 6198
258 1429 1707 4384
742 1859 5038 4396
5812 2438 6770 2822
1736 2518 7315 4482
552 160 2652 615
1476 3108 8204 4718
1615 3175 3146 5069
3712 3599 3864 4730
1871 1734 6871 5613
1089 1482 5521 2195
2462 3486 5924 4899
1154 688 7757 3834
720 637 1762 2722
14 4630 5239 5922
1620 3344 4254 5532
4347 908 6520 5168
2243 3615 5568 5313
5729 1090 6363 3158
5481 1842 6408 4939
4933 2570 5996 3543
1501 1284 4603 2464
4199 2399 6564 5347
6469 3785 6560 4989
4331 987 6178 1703
3800 859 7150 5998
2241 554 7440 5749
6561 1685 8154 3771
277 2243 923 4882
745 2146 2663 3980
1486 407 5382 1992
4037 2804 6647 4449
1135 233 8311 4936
3267 614 6914 5320
1344 4169 7624 6189
521 1925 2749 2961
6672 1774 7385 4003
479 4610 1681 4847
3672 747 4999 5247
3696 1282 7887 4393
6119 3611 6185 5378
1369 1903 3255 4791
3741 2540 6882 3693
3561 544 6178 604
3709 2273 4689 6096
5842 2807 6703 6324
6240 1986 6768 3890
6477 105 7658 1313
1096 5472 8274 6336
7218 753 7573 4387
866 895 6269 4363
2800 852 4333 4270
736 4268 5166 6097
1421 3796 4600 4415
417 1690 4412 3045
2728 1548 7323 4972
3936 3216 4688 3536
1235 2720 3736 2775
630 2106 5600 5411
5788 674 6972 3557
2639 4754 6589 4791
5806 2744 6338 3027
524 3190 7451 3845
3317 988 7634 1449
658 2965 4532 5911
685 1883 4503 6114
2188 2698 3790 6134
1099 1022 6324 5709
7377 608 7704 4311
2493 1224 3974 1713
2188 997 4629 5132
82 6011 3443 6011
2859 3909 8284 4910
4274 169 4685 1189
6905 3351 8333 3723
4955 144 5353 3861
113 1253 2014 3832
2082 3490 6025 5834
128 5010 1811 5704
5869 2553 6000 4838
1670 2619 8022 3234
4061 975 6679 1959
863 2863 4024 5606
846 3826 5468 4853
788 1310 2405 5392
1391 4730 2220 5405
6164 1039 7673 4173
4621 4016 5391 5443
3722 344 4907 950
2404 5686 4999 6567
5862 2055 7150 6348
1412 59 2037 2738
5748 3662 7370 5641
426 2948 6649 3247
450 235 7816 2457
3986 3040 5407 4427
4457 2209 7554 3293
1962 5462 3913 5818
1438 566 3291 3881
2614 4299 4109 5771
3861 2930 6327 4407
4685 2691 5196 3990
621 1531 1560 2889
1220 2103 5152 4165
813 1670 5786 2202
