1000 98
756 28
666 436
424 24
461 533
641 858
359 831
377 395
525 339
779 289
411 188
367 301
24 153
826 252
547 754
521 342
800 862
440 159
765 187
634 234
949 509
878 592
406 622
741 243
537 675
807 214
621 170
523 533
94 551
375 230
256 935
977 334
599 237
752 746
776 606
827 820
476 766
806 30
262 485
940 247
871 701
596 937
551 58
980 140
347 40
743 249
340 476
801 156
810 411
62 122
403 389
541 131
8 968
42 210
494 772
806 935
356 210
663 630
815 955
626 968
219 771
477 198
69 229
780 37
640 918
763 85
545 868
200 236
639 95
704 237
841 780
329 633
837 908
229 671
662 509
439 469
894 995
845 246
229 982
889 644
496 707
861 769
254 374
607 560
278 92
132 663
139 999
85 221
934 110
279 641
518 750
564 987
147 551
344 180
641 952
227 283
685 887
58 248
69 163
