63 98
15 19
18 25
17 53
47 60
20 29
62 20
40 20
3 43
17 51
23 59
28 12
26 41
36 24
55 10
61 58
39 11
49 52
1 42
53 28
20 39
32 50
25 22
60 36
40 50
25 29
30 35
47 29
22 47
9 27
6 13
8 3
53 5
10 25
20 28
56 57
63 1
46 23
58 50
14 45
63 10
34 15
10 33
29 9
46 35
17 37
41 61
50 28
62 34
58 59
34 5
7 59
63 1
47 50
4 62
55 11
54 3
19 9
27 62
60 41
22 37
25 16
62 15
58 10
25 39
10 41
48 10
43 10
52 11
25 2
48 28
14 18
21 32
9 19
6 29
18 58
16 22
54 10
42 19
29 5
32 39
41 11
56 37
32 24
55 41
47 55
54 20
1 53
9 59
23 48
9 15
31 29
1 15
50 1
29 54
54 48
36 60
16 42
35 32
