764 84
656 79
615 597
630 222
347 40
351 350
464 524
654 418
262 331
99 530
227 169
142 235
488 374
258 385
404 648
249 160
273 87
287 321
23 541
372 749
346 636
573 567
72 666
356 229
49 674
498 664
461 75
485 180
120 191
197 395
48 292
626 31
238 749
707 211
303 620
444 718
747 50
406 233
64 539
168 760
577 102
172 173
497 119
145 522
232 438
674 670
760 275
292 236
378 389
402 291
618 549
706 560
163 589
716 628
197 129
51 44
373 405
124 731
757 176
420 52
717 522
18 488
338 415
370 375
381 536
318 575
195 371
382 454
751 50
603 385
85 116
591 636
67 320
698 451
619 221
217 398
557 257
403 169
744 96
345 573
224 697
280 759
51 388
650 486
37 749
