190 85
139 2
43 167
31 147
92 94
129 46
91 124
181 13
59 39
64 55
134 97
138 80
57 4
171 76
44 29
146 177
68 19
140 87
127 172
37 98
20 73
20 111
32 107
26 161
96 66
122 52
133 184
75 111
160 134
125 74
95 98
112 190
161 140
107 131
43 111
158 69
171 70
4 104
162 150
107 14
58 20
74 115
53 72
39 134
116 171
121 142
132 109
3 130
82 63
172 128
135 12
70 151
27 21
115 66
47 152
29 21
9 128
127 69
38 160
56 185
63 31
61 43
14 66
104 94
28 148
7 160
148 82
118 96
8 119
122 55
159 173
83 105
67 54
90 120
62 82
58 67
48 43
58 136
180 98
118 21
161 162
167 189
89 14
149 25
44 4
55 73
