973 82
7 346
806 487
791 122
269 645
524 425
677 880
273 563
678 788
943 435
471 494
310 768
502 900
339 196
891 486
261 714
694 885
212 118
503 566
390 893
215 267
298 742
185 827
118 263
351 719
290 697
11 775
616 849
230 420
182 889
512 29
638 531
233 320
508 131
602 782
104 136
691 436
425 634
553 322
737 268
233 954
127 402
133 447
399 791
176 654
647 396
5 364
490 570
726 716
700 787
479 51
877 341
701 325
11 209
168 515
825 97
201 669
342 39
820 395
1 647
911 539
51 619
751 755
151 447
288 289
36 944
508 338
880 435
130 892
321 738
636 615
212 411
725 611
484 61
376 366
864 803
378 754
559 260
535 81
954 585
855 242
367 70
599 426
