817 97
340 456
537 408
51 314
218 530
360 438
40 733
583 348
664 239
274 171
482 366
485 663
492 210
21 86
413 753
126 757
764 170
88 343
244 493
69 395
589 442
379 222
529 494
129 281
383 587
466 467
674 691
63 381
431 84
207 43
780 602
777 242
242 447
630 617
730 219
471 419
523 225
734 321
504 237
317 401
56 220
525 759
632 678
589 422
444 241
784 671
131 603
546 590
304 718
780 436
11 770
374 179
725 561
436 142
45 742
707 520
413 390
84 68
546 125
55 360
696 32
718 563
259 450
746 431
141 317
566 758
422 388
135 376
203 14
249 687
217 511
185 648
117 687
389 248
306 810
811 466
802 314
495 341
18 377
253 77
793 735
353 294
171 203
411 416
146 636
581 168
473 490
363 220
203 554
90 442
781 544
246 245
220 332
255 15
336 248
681 28
470 620
239 757
