668 98
459 346
634 594
221 179
627 433
260 526
311 458
628 578
144 375
585 208
7 18
465 301
627 315
53 358
219 355
508 433
33 224
41 235
442 237
213 503
257 492
631 44
323 401
659 305
477 548
63 584
664 80
69 412
356 585
258 537
644 533
455 11
280 60
49 167
554 386
328 654
122 281
496 222
441 283
223 474
282 148
503 157
439 280
235 512
106 493
492 170
31 166
300 328
158 576
632 197
486 383
272 393
383 396
92 405
131 427
575 428
205 273
567 389
348 134
131 474
79 644
41 626
437 524
406 543
35 256
492 505
167 137
270 95
42 579
440 453
363 345
553 257
560 306
205 316
466 648
649 25
329 252
628 61
258 136
595 172
184 400
529 175
298 90
131 607
155 158
508 454
226 429
444 296
384 524
109 229
194 244
230 302
77 230
383 529
83 460
67 288
235 521
581 217
655 142
