967500
967500
1341500
1341500
1341500
2216075
2544056
2888810
2888810
3167802
3167802
3167802
3167802
3167802
3167802
3167802
3167802
3167802
3167802
3167802
3167802
3167802
3223242
3223242
3223242
3223242
3223242
3223242
3223242
3223242
3321360
3321360
3321360
3321360
4523157
4523157
4523157
4523157
4523157
4523157
4523157
4523157
4523157
4523157
4523157
4523157
4523157
4523157
4523157
4523157
4523927
4523927
4524469
4524469
4914778
4914778
4914778
4914778
4914778
4914778
4914778
4914778
4984120
4984120
5097266
5454370
5454370
5454370
5454370
5454370
5454370
5454370
5454370
5454370
5454370
5454370
5454370
5454370
5467276
5467276
5467276
5467276
5467276
5467276
5467276
5467276
5467276
5467276
5467276
5467276
5578697
5578697
5578697
5578697
5578697
5578697
5578697
5578697
5578697
5578697
5578697
5578697
5578697
5578697
5578697
5578697
5578697
5578697
5578697
5578697
5578697
5578697
5578697
5578697
5578697
5578697
5578697
5578697
5703217
5703217
5703217
6240373
6708609
6708609
6708609
6708609
6708609
6708609
6708609
6708609
6708609
6708609
6708609
6708609
6708609
6708609
6708609
6708609
6708609
6708609
6708609
6708609
6708609
6708609
6708609
6708609
6708609
6708609
6708609
6708609
6708609
6708609
6708609
6708609
6708609
6708609
6708609
6708609
6708609
6708609
6708609
6708609
6708609
6708609
6708609
6708609
6708609
6708609
6708609
6708609
6708609
6708609
6708609
6708609
6708609
6708609
6708609
6708609
6708609
6708609
6708609
6708609
6708609
6708609
6708609
6708609
6708609
6708609
6708609
6708609
6708609
6708609
7075778
7075778
7075778
7075778
7075778
7075778
7075778
7250792
7515944
7515944
7515944
7515944
7515944
7515944
7515944
7515944
7515944
7515944
7515944
7515944
7515944
7515944
7515944
7515944
7515944
7532763
7532763
7532763
7532763
7532763
7532763
7532763
7532763
7532763
7532763
7532763
7532763
7532763
7532763
7532763
7532763
7532763
7532763
7532763
7532763
7532763
7532763
7532763
7532763
7532763
7532763
7532763
7532763
7532763
7532763
7532763
7532763
7538298
7538298
7538298
7538298
7538298
7538298
7538298
7538298
7538298
7542939
7542939
7542939
7542939
7542939
7542939
7542939
7542939
7542939
7542939
7542939
7542939
7542939
7542939
7542939
7542939
7542939
7542939
7542939
7542939
7542939
7542939
7542939
7542939
7542939
7542939
7542939
7542939
7542939
7542939
7542939
7542939
7542939
7542939
7542939
7542939
7542939
7542939
7542939
7542939
7542939
7542939
7542939
7542939
7542939
7542939
7542939
7542939
7542939
7542939
7542939
7542939
7542939
7542939
7542939
7542939
7542939
7542939
7542939
7542939
7542939
7542939
7542939
7542939
7542939
7542939
7542939
7542939
7542939
7542939
7542939
7542939
7542939
7542939
7570633
7570633
7570633
7570633
7570633
7570633
7570633
7570633
7570633
7570633
7570633
7570633
7570633
7570633
7570633
7570633
7570633
7570633
7570633
7570633
7570633
7570633
7570633
7570633
7570633
7570633
7570633
7570633
7570633
7570633
7570633
7570633
7570633
7570633
7570633
7570633
7570633
7570633
7570633
7570633
7570633
7570633
7570633
7570633
7570633
7570633
8129202
8129202
8129202
8129202
8129202
8129202
8129202
8129202
8129202
8129202
8129202
8129202
8129202
8129202
8129202
8129202
8129202
8129202
8129202
8129202
8129202
8129202
8129202
8129202
8129202
8129202
8129202
8129202
8129202
8129202
8129202
8129202
8129202
8129202
8129202
8129202
8129202
8129202
8129202
8129202
8129202
8129202
8129202
8129202
8129202
8129202
8129202
8129202
8129202
8129202
8129202
8129202
8129202
8129202
8129202
8129202
8129202
8129202
8129202
8129202
8129202
8129202
8129202
8129202
8129202
8129202
8129202
8129202
8129202
8129202
8129202
8129202
8129202
8148786
8148786
8148786
8148786
8148786
8148786
8148786
8148786
8148786
8148786
8148786
8148786
8148786
8148786
8148786
8148786
8148786
8148786
8148786
8152734
8152734
8152734
8152734
8152734
8152734
8152734
8152734
8152734
8152734
8152734
8152734
8152734
8152734
8152734
8152734
8152734
8152734
8152734
8152734
8152734
8152734
8152734
8152734
8152734
8152734
8152734
8152734
8152734
8152734
8152734
8152734
8152734
8152734
8152734
8152734
8152734
8152734
8152734
8152734
8152734
8152734
8152734
8152734
8152734
8152734
8152734
8152734
8152734
8152734
8152734
8152734
8152734
8152734
8152734
8152734
8192784
8192784
8192784
8192784
8192784
8192784
8192784
8302731
8302731
8302731
8302731
8302731
8302731
8302731
8302731
8302731
8302731
8302731
8302731
8302731
8302731
8302731
8302731
8302731
8302731
8302731
8302731
8302731
8302731
8302731
8302731
8302731
8302731
8302731
8302731
8302731
8302731
8302731
8302731
8302731
8302731
8302731
8302731
8302731
8302731
8302731
8302731
8302731
8302731
8302731
8302731
8302731
8302731
8302731
8302731
8302731
8302731
8302731
8302731
8302731
8302731
8302731
8302731
8302731
8302731
8302731
8302731
8302731
8302731
8302731
8302731
8302731
8302731
8302731
8302731
8302731
8302731
8302731
8302731
8302731
8302731
8302731
8302731
8302731
8302731
8302731
8302731
8302731
8302731
8302731
8302731
8302731
8302731
8302731
8302731
8302731
8302731
8302731
8302731
8302731
8302731
8302731
8302731
8302731
8302731
8302731
8302731
8302731
8302731
8302731
8302731
8302731
8302731
8302731
8302731
8302731
8302731
8302731
8302731
8302731
8302731
8302731
8302731
8302731
8302731
8302731
8302731
8302731
8302731
8302731
8302731
8302731
8302731
8302731
8302731
8302731
8302731
8302731
8302731
8302731
8302731
8302731
8302731
8302731
8302731
8302731
8302731
8302731
8302731
8302731
8302731
8302731
8302731
8302731
8302731
8302731
8302731
8302731
8302731
8302731
8302731
8302731
8302731
8302731
8302731
8302731
8302731
8302731
8302731
8302731
8302731
8302731
8302731
8302731
8302731
8302731
8302731
8441376
8441376
8441376
8441376
8441376
8441376
8441376
8449976
8449976
8449976
8449976
8449976
8449976
8449976
8449976
8449976
8449976
8449976
8449976
8449976
8449976
8449976
8449976
8449976
8449976
8449976
8449976
8449976
8449976
8449976
8449976
8449976
8449976
8449976
8449976
8449976
8449976
8449976
8449976
8449976
8449976
8449976
8449976
8449976
8449976
8449976
8449976
8449976
8449976
8449976
8449976
8449976
8449976
8449976
8449976
8449976
8449976
8449976
8449976
8449976
8449976
8449976
8449976
8449976
8524716
8524716
8524716
8524716
8524716
8524716
8524716
8524716
8524716
8524716
8524716
8524716
8524716
8524716
8524716
8524716
8524716
8524716
8524716
8561709
8561709
8561709
8561709
8561709
8561709
8561709
8561709
8561709
8561709
8561709
8561709
8561709
8561709
8561709
8561709
8561709
8561709
8561709
8561709
8561709
8561709
8561709
8561709
8561709
8561709
8561709
8561709
8561709
8561709
8660437
8660437
8660437
8660437
8660437
8660437
8660437
8660437
8660437
8660437
8660437
8660437
8660437
8660437
8660437
8660437
8660437
8660437
8660437
8660437
8660437
8660437
8660437
8660437
8660437
8660437
8660437
8660437
8660437
8660437
8660437
8660437
8660437
8660437
8660437
8660437
8660437
8660437
8660437
8660437
8660437
8660437
8660437
8660437
8660437
8660437
8660437
8660437
8660437
8660437
8660437
8660437
8660437
8660437
8660437
8660437
8660437
8660437
8660437
8660437
8660437
8660437
8660437
8660437
8660437
8660437
8660437
8660437
8660437
8660437
8660437
8660437
8660437
8660437
8660437
8660437
8660437
8660437
8660437
8660437
8660437
8660437
8660437
8660437
8660437
8660437
8660437
8660437
8660437
8660437
8660437
8660437
8660437
8660437
8660437
8660437
8660437
8660437
8660437
8660437
8660437
8660437
8660437
8660437
8660437
8660437
8660437
8660437
8660437
8660437
8660437
8660437
8660437
8660437
8660437
8660437
8660437
8660437
8660437
8660437
8660437
8660437
8660437
8660437
8660437
8660437
8660437
8660437
8660437
8660437
8660437
8660437
8660437
8660437
8660437
8660437
8660437
8660437
8660437
8660437
8660437
8660437
8660437
8660437
8660437
8660437
8660437
8660437
8660437
8660437
8660437
8660437
8660437
8660437
8660437
8660437
8660437
8660437
8660437
8660437
8660437
8660437
8660437
8660437
8660437
8660437
8660437
8660437
8660437
8660437
8660437
8660437
8660437
8660437
8660437
8660437
8662237
8662237
8662237
8662237
8662237
8662237
8662237
8662237
8662237
8662237
8662237
8662237
8662237
8662237
8662237
8662237
8662237
8662237
8662237
8662237
8662237
8662237
8662237
8662237
8662237
8662237
8662237
8662237
8662237
8662237
8662237
8662237
8662237
8662237
8662237
8662237
8662237
8662237
8662237
8662237
8662237
8662237
8662237
8662237
8662237
8662237
8662237
8662237
8662237
8662237
8662237
8662237
8662237
8662237
8662237
8662237
8662237
8662237
8670179
8670179
8670179
8670179
8670179
8670179
8670179
8670179
8670179
8670179
8670179
8670179
8670179
8670179
8670179
8670179
8671091
8671091
8671091
8671091
8732581
8732581
8732581
8732581
8732581
8732581
8732581
