279558
1132998
1132998
1132998
1132998
1132998
1132998
1132998
1473762
1473762
1475137
1475137
1475137
1475137
1475137
1475137
1520689
1520689
1520689
1520689
1520689
1520689
1520689
1715494
1715494
1715494
1715494
1715494
1715494
1715494
1724272
1724272
1724272
1724272
1724272
1724272
1724472
1724472
1724472
1749657
1749657
1749657
1925202
1925202
1925202
1925202
1925202
1925202
1925202
1925202
1925202
1925202
1925202
1925202
1925202
1930826
1930826
1986401
1986401
1986401
1986401
1986401
1986401
1986401
1986401
1986401
2078097
2078097
2078097
2105880
2105880
2105880
2105880
2105880
2105880
2105880
2105880
2105880
2105880
2105880
2105880
2105880
2105880
2105880
2105880
2105880
2105880
2105880
2105880
2105880
2105880
2105880
2105880
2105880
2105880
2105880
2105880
2105880
2105880
2105880
2105880
2105880
2105880
2105880
2105880
2105880
2105880
2105880
2105880
2105880
2105880
2130405
2130405
2172049
2172049
2172049
2172049
2172049
2172049
2172049
2172049
2172049
2172049
2298257
2298257
2298257
2298257
2298257
2298257
2298257
2298257
2298257
2298257
2298257
2298257
2298257
2298257
2298257
2298257
2298257
2298257
2298257
2298257
2298257
2298257
2298257
2298257
2298257
2298257
2298257
2301677
2301677
2301677
2301677
2301677
2301677
2301677
2301677
2301677
2301677
2301677
2301677
2301677
2301677
2301677
2301677
2301677
2301677
2301677
2301677
2301677
2301677
2301677
2301677
2301677
2301677
2301677
2301677
2301677
2301677
2301677
2301677
2301677
2301677
2301677
2301677
2301677
2301677
2301677
2301677
2301677
2301677
2301677
2301677
2334952
2334952
2334952
2334952
2334952
2334952
2334952
2334952
2334952
2334952
2334952
2334952
2334952
2334952
2334952
2334952
2334952
2334952
2334952
2334952
2334952
2334952
2334952
2334952
2334952
2334952
2334952
2334952
2334952
2334952
2334952
2334952
2334952
2334952
2334952
2334952
2334952
2334952
2334952
2334952
2334952
2334952
2334952
2334952
2334952
2334952
2334952
2334952
2334952
2334952
2334952
2334952
2334952
2334952
2334952
2334952
2334952
2334952
2334952
2334952
2334952
2334952
2334952
2334952
2334952
2334952
2334952
2334952
2334952
2334952
2334952
2334952
2334952
2334952
2334952
2334952
2334952
2334952
2334952
2334952
2334952
2334952
2334952
2334952
2334952
2334952
2334952
2334952
2334952
2334952
2334952
2334952
2334952
2334952
2334952
2334952
2334952
2334952
2334952
2334952
2334952
2334952
2334952
2334952
2334952
2334952
2334952
2334952
2334952
2334952
2334952
2334952
2334952
2334952
2334952
2334952
2334952
2334952
2334952
2334952
2334952
2334952
2334952
2334952
2334952
2334952
2334952
2334952
2334952
2334952
2334952
2334952
2334952
2334952
2334952
2334952
2334952
2334952
2334952
2334952
2334952
2334952
2334952
2334952
2334952
2334952
2334952
2334952
2334952
2334952
2334952
2334952
2351848
2351848
2351848
2351848
2351848
2351848
2351848
2351848
2351848
2351848
2351848
2351848
2351848
2351848
2351848
2351848
2351848
2351848
2351848
2351848
2351848
2351848
2351848
2351848
2351848
2351848
2351848
2351848
2351848
2351848
2351848
2351848
2351848
2351848
2351848
2351848
2351848
2351848
2351848
2351848
2351848
2351848
2351848
2351848
2351848
2351848
2351848
2351848
2351848
2351848
2351848
2351848
2351848
2351848
2351848
2351848
2351848
2351848
2351848
2351848
2351848
2351848
2351848
2351848
2351848
2351848
2351848
2351848
2351848
2351848
2351848
2351848
2351848
2351848
2351848
2351848
2351848
2351848
2351848
2351848
2351848
2351848
2351848
2351848
2351848
2351848
2351848
2351848
2351848
2351848
2351848
2351848
2351848
2351848
2351848
2351848
2351848
2351848
2351848
2351848
2351848
2351848
2351848
2351848
2351848
2351848
2351848
2351848
2351848
2351848
2351848
2351848
2351848
2351848
2351848
2351848
2351848
2351848
2351848
2351848
2351848
2351848
2351848
2351848
2351848
2351848
2351848
2351848
2351848
2351848
2351848
2351848
2351848
2351848
2351848
2351848
2351848
2351848
2351848
2351848
2351848
2351848
2351848
2351848
2351848
2351848
2351848
2351848
2351848
2351848
2351848
2351848
2351848
2351848
2351848
2351848
2351848
2351848
2351848
2351848
2351848
2351848
2351848
2351848
2351848
2351848
2351848
2351848
2351848
2351848
2351848
2351848
2351848
2351848
2351848
2351848
2351848
2351848
2351848
2351848
2351848
2351848
2351848
2351848
2351848
2351848
2351848
2351848
2351848
2351848
2351848
2351848
2351848
2351848
2351848
2351848
2351848
2351848
2351848
2351848
2351848
2351848
2351848
2351848
2351848
2351848
2351848
2351848
2351848
2351848
2351848
2351848
2351848
2351848
2351848
2351848
2351848
2358992
2358992
2358992
2358992
2358992
2358992
2358992
2358992
2358992
2358992
2358992
