79
28 94
6 4 4 6
2 6 16 1
12 42 7 30
22 2 45 37
1 11 35 1
3 26 2 1
11 20 4 15
4 1 17 19
2 22 11 14
7 15 3 15
13 4 2 37
1 10 5 2
2 19 8 19
8 14 9 1
7 3 9 1
6 1 21 19
2 36 3 6
4 1 2 15
5 3 2 1
2 1 4 1
1 1 4 1
9 1 22 1
9 1 2 1
9 1 5 1
13 1 1 1
1 1 2 1
46 1 1 1
1 1 3 1
16 1 1 1
6 1 1 1
4 1 1 1
1 1 1 1
10 1 1 1
2 1 1 1
4 1 1 1
1 1 1 1
3 1 1 1
1 1 1 1
1 1 1 1
2 1 1 1
2 1 1 1
1 1 1 1
1 1 1 1
1 1 1 1
1 1 1 1
1 1 1 1
1 1 1 1
1 1 1 1
1 1 1 1
1 1 1 1
1 1 1 1
1 1 1 1
1 1 1 1
1 1 1 1
1 1 1 1
1 1 1 1
1 1 1 1
1 1 1 1
1 1 1 1
1 1 1 1
1 1 1 1
1 1 1 1
1 1 1 1
1 1 1 1
1 1 1 1
1 1 1 1
1 1 1 1
1 1 1 1
1 1 1 1
1 1 1 1
1 1 1 1
1 1 1 1
1 1 1 1
1 1 1 1
1 1 1 1
1 1 1 1
1 1 1 1
1 1 1 1
1 1 1 1
