58
111 151
21 5 8 27
2 23 4 5
16 11 14 13
19 3 8 16
8 1 31 4
14 7 39 38
1 2 8 3
7 34 4 10
3 10 32 10
1 3 2 23
19 39 2 1
8 29 32 3
31 4 30 22
1 2 16 6
13 3 4 8
30 2 20 2
2 13 4 3
3 4 2 15
26 1 1 13
18 6 1 33
4 29 1 1
10 17 1 4
1 3 1 1
1 12 1 1
2 3 1 2
1 2 1 1
3 1 1 2
2 1 1 1
4 1 1 1
1 1 1 2
1 1 1 1
1 1 1 2
1 1 1 1
1 1 1 1
1 1 1 1
1 1 1 1
1 1 1 1
1 1 1 1
1 1 1 1
1 1 1 1
1 1 1 1
1 1 1 1
1 1 1 1
1 1 1 1
1 1 1 1
1 1 1 1
1 1 1 1
1 1 1 1
1 1 1 1
1 1 1 1
1 1 1 1
1 1 1 1
1 1 1 1
1 1 1 1
1 1 1 1
1 1 1 1
1 1 1 1
1 1 1 1
