86
268 282
20 1 13 10
25 34 10 5
9 18 1 9
3 18 24 13
14 40 11 3
1 19 6 6
1 18 4 4
10 20 5 3
10 9 27 7
6 4 3 21
41 5 14 5
1 27 16 2
2 5 16 5
1 4 1 18
8 5 6 18
7 2 4 22
5 2 8 1
11 1 11 8
19 1 17 35
2 1 6 4
38 1 14 2
2 1 1 3
1 1 13 2
1 1 3 16
1 1 4 12
1 1 2 1
1 1 1 1
1 1 1 4
1 1 1 3
1 1 1 1
1 1 1 1
1 1 1 1
1 1 1 1
1 1 1 1
1 1 1 1
1 1 1 1
1 1 1 1
1 1 1 1
1 1 1 1
1 1 1 1
1 1 1 1
1 1 1 1
1 1 1 1
1 1 1 1
1 1 1 1
1 1 1 1
1 1 1 1
1 1 1 1
1 1 1 1
1 1 1 1
1 1 1 1
1 1 1 1
1 1 1 1
1 1 1 1
1 1 1 1
1 1 1 1
1 1 1 1
1 1 1 1
1 1 1 1
1 1 1 1
1 1 1 1
1 1 1 1
1 1 1 1
1 1 1 1
1 1 1 1
1 1 1 1
1 1 1 1
1 1 1 1
1 1 1 1
1 1 1 1
1 1 1 1
1 1 1 1
1 1 1 1
1 1 1 1
1 1 1 1
1 1 1 1
1 1 1 1
1 1 1 1
1 1 1 1
1 1 1 1
1 1 1 1
1 1 1 1
1 1 1 1
1 1 1 1
1 1 1 1
1 1 1 1
