75
267 25
21 27 26 14
7 20 11 17
17 9 39 16
33 20 1 29
12 16 20 9
37 16 27 36
8 4 9 21
14 47 1 16
18 20 2 1
6 1 4 17
3 9 4 21
31 8 2 11
7 7 1 20
23 14 9 4
2 6 9 6
1 4 2 1
2 13 19 3
1 1 4 1
1 2 33 1
1 1 10 1
1 1 9 1
1 1 1 1
1 1 5 1
1 1 1 1
1 1 1 1
1 1 1 1
1 1 1 1
1 1 1 1
1 1 1 1
1 1 1 1
1 1 1 1
1 1 1 1
1 1 1 1
1 1 1 1
1 1 1 1
1 1 1 1
1 1 1 1
1 1 1 1
1 1 1 1
1 1 1 1
1 1 1 1
1 1 1 1
1 1 1 1
1 1 1 1
1 1 1 1
1 1 1 1
1 1 1 1
1 1 1 1
1 1 1 1
1 1 1 1
1 1 1 1
1 1 1 1
1 1 1 1
1 1 1 1
1 1 1 1
1 1 1 1
1 1 1 1
1 1 1 1
1 1 1 1
1 1 1 1
1 1 1 1
1 1 1 1
1 1 1 1
1 1 1 1
1 1 1 1
1 1 1 1
1 1 1 1
1 1 1 1
1 1 1 1
1 1 1 1
1 1 1 1
1 1 1 1
1 1 1 1
1 1 1 1
1 1 1 1
