5207 6134
2130
967 1914 2676 3741
384 4089 2568 4867
850 2614 5981 4966
405 1468 2188 2961
4470 2835 5984 4580
1258 4493 2660 4957
3472 648 5469 4961
3837 370 5925 5161
608 1744 3045 3427
4228 1153 4646 2218
874 368 3062 2809
229 2579 5941 3620
4381 1709 6003 3938
149 897 982 2842
3336 3224 4089 4296
1504 1959 2113 3829
930 231 1092 2853
3791 2184 4671 3531
4139 933 5915 2597
1969 1174 5208 2942
3376 3117 3585 4525
234 15 971 1515
5169 493 5233 2216
403 661 5065 1370
921 2215 1178 4504
2957 383 3548 3275
1768 2682 4771 4863
1938 803 2895 1700
286 1018 332 3371
3131 627 4904 3110
2958 662 5622 3430
1719 1331 3528 3134
459 4979 4825 5047
387 1104 1097 4419
342 2084 3120 3616
2192 483 4062 2245
36 216 3855 4259
3712 4290 5008 4656
3567 4622 5236 4797
2617 2993 4463 4509
3715 1170 5055 4716
180 326 6061 3511
1413 1047 3342 1343
909 906 1494 4807
2219 1222 4808 2524
278 1662 563 5017
904 919 5049 2781
2065 3952 4945 4481
2517 2418 3348 3262
209 544 789 2351
1094 2584 5012 4458
732 744 3846 1948
600 3942 5473 4348
2769 2557 3734 3660
741 1162 4013 1844
140 205 772 1117
280 1209 3636 4412
4301 4297 4443 4675
4601 1133 4725 1747
953 2084 2607 3466
1341 725 4283 3092
4017 848 4885 1094
654 1459 1516 3108
1630 3587 5777 4661
628 1354 3811 4974
1328 184 2220 1949
2951 31 5355 4156
2568 180 4179 4098
4419 1668 5520 1762
1506 3133 1981 4860
2019 461 3142 4975
1789 626 2159 4527
314 3962 4276 4912
1198 1830 1208 3622
1090 717 5686 2010
97 1472 771 4364
1163 220 6126 3583
758 1499 3347 4963
385 2563 3829 5138
2621 1975 4418 5058
338 4139 1334 4182
515 1864 5324 4147
1003 931 3576 4775
3413 145 6032 2141
248 340 1666 4512
2796 4618 3550 4999
1375 3717 5060 4352
788 3827 1716 4958
1436 58 3812 760
850 2492 3339 3213
5768 461 6112 4074
1326 1152 5751 1244
1079 416 1324 4014
358 45 3176 4365
2904 4751 3581 5051
1480 4414 5186 5022
1130 113 5177 1792
3439 4752 4851 5190
5982 2416 6056 4288
1689 68 3310 5177
4326 2000 4776 3785
164 3857 1249 4106
353 474 763 4209
2811 1649 4617 4041
2179 982 2203 2720
617 1570 5907 4337
3203 2919 3764 3406
1346 82 5176 495
1283 959 2661 3941
3957 3053 5952 4459
2005 755 3468 2233
51 2236 702 2250
2293 3365 2516 4573
2518 2320 5088 3071
1195 980 5443 4356
1033 3568 1328 4384
2095 1571 3562 2471
2065 1240 3787 4498
413 162 5704 2093
1815 1967 5317 4521
61 1277 4781 1425
2489 1457 3544 3561
500 853 4374 4011
2527 1255 5549 4469
3123 776 5302 4533
1416 1519 5967 2104
837 399 5069 2232
2704 1719 5598 2474
2474 810 5384 3288
154 1835 176 4608
2490 1952 3003 3016
1718 690 2472 1102
3229 112 5287 1626
312 346 3428 4677
97 2891 5649 4246
1164 2553 3071 3624
588 2376 4530 4224
2042 4507 5371 5119
2771 4962 3560 5149
4174 292 6106 3588
4043 506 4281 2829
1632 85 3178 703
1345 2182 3092 4503
1530 1211 3848 4634
3695 391 4356 2593
212 3644 3135 3972
1099 238 6055 466
1667 58 5343 1702
4643 2037 5592 2906
4801 1564 5342 1753
1371 1841 3435 5162
2861 2018 4787 2046
647 4259 3215 4572
4514 3337 4711 3417
2119 4081 5755 4969
3619 1461 6121 1979
3188 311 5200 918
1607 1536 3301 2470
241 633 3453 2329
576 725 4433 5106
756 999 3205 3629
1055 1981 4073 4495
1501 1574 4637 3223
3396 488 3949 3063
2825 1634 4422 2201
2456 2486 4742 3265
4874 2489 5170 4188
401 1679 1186 1727
484 2156 1181 3453
883 1107 1077 3408
213 1686 1626 2594
1965 1956 3029 4114
1337 750 1696 2650
4301 1973 6093 4360
3284 2303 5122 5159
2240 2925 3455 3721
17 891 276 5117
3099 4018 5253 4832
2239 2047 4890 4468
4645 750 5304 5160
3049 54 5369 4429
763 633 3074 2461
1787 1097 1877 4676
2098 1002 3038 1881
76 2326 1139 2765
930 3899 3589 4706
419 4016 2903 4801
3513 2299 5441 2876
821 3472 4415 4947
4009 730 5612 1624
5259 2962 5767 4135
1209 2731 2795 4104
783 2712 971 2917
427 1239 3002 1282
1027 303 3619 661
1676 136 3538 2870
375 1786 1731 2012
3807 925 5026 3232
742 159 3941 1596
4078 3563 4565 4972
1370 2902 5926 3641
2713 1851 4839 5087
820 3749 5939 4365
1547 2165 4407 4830
1567 1083 1872 2464
3177 3107 4067 3741
19 219 3996 503
5126 2303 5736 2906
935 85 1944 1913
885 2548 2320 2708
8 2390 5463 3213
1242 205 4886 2267
4312 2469 5131 3854
3855 2378 4664 4063
1141 2575 4495 2705
4267 478 4484 2315
2420 1247 5813 1256
366 1866 864 4870
5046 1297 5738 3476
2055 3631 4750 4988
1810 3786 4455 4399
295 178 1651 756
1112 1840 3255 1865
1577 814 4792 4079
2838 1490 3439 4067
921 52 5403 2634
5097 410 5157 1031
223 1463 4794 2222
1689 4297 4833 4672
357 310 5177 1302
75 2165 4960 2757
406 1605 3479 2029
662 1293 6050 1358
2934 3095 5876 4758
983 345 4811 4101
688 18 3227 4330
284 2963 6067 4475
1845 623 2671 2451
2770 1815 3867 3300
2193 394 3302 1883
684 3603 3860 4477
396 1821 2800 4648
3214 4380 4164 4609
3485 2572 5253 4342
1855 2791 2288 3074
2825 1845 3887 2473
705 194 2945 730
1305 1488 5846 1521
3621 1099 5836 3630
4455 2697 5998 2874
1580 2135 5148 5177
4751 2078 5600 2654
718 808 3531 3382
182 2527 1187 3799
1594 610 3628 4723
861 1000 6037 2535
695 1439 5730 3581
959 1924 1674 3365
4645 1715 5115 2336
444 2727 3199 5127
967 350 1970 1831
4254 2397 4302 3826
3321 426 4745 2265
222 1774 2544 2397
2351 1629 2600 3324
3736 899 5181 2526
443 3619 3540 4361
656 1445 1401 4785
5229 456 5607 1761
3887 4145 5541 4180
1021 1885 5925 4377
2357 3275 2689 4835
92 1053 4265 3613
802 2236 2474 4890
1868 30 5854 1004
2060 1679 2599 4203
384 2496 3310 4273
1141 1865 2393 2964
106 432 2643 1144
2409 2910 5304 5046
2864 985 3187 4660
1516 3519 3185 5118
27 3572 4399 4583
934 2522 1338 2777
1345 1455 4980 2320
3217 10 3658 591
230 3243 2097 3512
676 1356 5996 2147
48 2984 1057 4695
1531 1528 4173 4339
1510 296 4597 850
210 1608 1965 3341
1911 771 4973 2574
4672 1310 6077 2430
2650 4458 5998 4678
1896 344 4314 2284
2658 461 4556 2558
2756 66 6040 168
1857 2649 4669 4107
3770 602 5767 3000
50 2247 1542 4289
620 1091 5980 4206
4521 1498 5779 2642
1050 1759 5354 3019
3760 85 5692 3590
1036 714 5429 2049
2876 1523 4629 1650
5016 3597 6102 4514
2 1044 2964 4922
3009 781 3196 4884
188 2867 5845 4975
11 1634 1020 3907
2429 1071 4662 4161
30 3618 5367 4171
179 2006 4703 4379
5040 677 5087 2126
943 703 2383 1637
4466 3950 4754 4162
4147 1949 4808 5106
103 1798 2478 4372
3296 1343 4330 3911
328 1057 3869 3211
5118 1779 5510 5020
60 1566 1477 3662
3960 1433 5074 2120
3770 3427 5232 4048
276 1082 5410 2958
3982 4063 5182 4575
1895 1959 4378 4384
3330 1616 4102 2612
2607 20 3588 2889
1173 882 1570 3686
1063 500 5037 1830
5523 3654 5798 5178
760 3006 2417 3086
2581 1032 5812 4561
917 2435 5552 3281
537 3655 2981 3665
1115 1004 2581 2444
922 242 5838 637
1462 3354 1659 3760
2403 753 3073 2238
379 64 1861 965
2791 1240 5899 2627
54 1641 5456 3982
635 1238 4758 3790
830 1665 4233 3998
1970 4061 4458 4971
667 1760 1725 1790
2242 33 5147 3535
534 2316 5234 2369
1749 2691 2191 5007
2929 622 5820 4467
1581 1301 1648 1456
21 309 3804 3536
385 4488 2427 4944
2526 4576 3829 4674
5184 1009 5349 2169
1920 1764 2459 4920
581 5024 1804 5081
59 3152 1136 5022
1507 388 4404 2926
2169 2347 3923 4486
758 10 4600 1601
2068 2374 5050 2828
567 1670 5708 4534
627 1451 2421 3915
4003 2140 4219 4580
3390 571 5452 1938
812 2130 5037 2265
924 2213 2509 3934
497 1885 4282 2344
3459 974 3643 3116
86 78 250 3307
267 1121 4373 4507
1104 1042 1936 1111
1041 1637 5305 4265
1074 3606 4538 4224
4140 704 5871 3739
505 452 1765 3448
1278 1587 5345 2744
3201 776 5398 1661
750 593 3191 1187
3495 3542 6079 3765
3475 1246 3941 1339
2940 1886 4981 3606
2116 576 5090 4255
464 2340 488 4657
2168 1163 3820 3003
1781 840 4315 3324
2757 232 2976 1823
2248 1137 5048 5111
543 570 2608 1187
1840 3468 5414 5181
3002 1970 4218 3701
4094 347 5978 4646
4562 1561 5127 3784
779 1242 1936 2752
2868 1318 4010 4931
3163 891 3493 1278
702 3632 4441 4499
4444 2901 5742 4398
3534 1214 4187 4831
729 1106 1493 4962
231 821 3413 4941
1719 1851 4356 4216
753 2102 5414 4523
1956 3339 5648 3637
1095 3571 5473 4005
97 4200 3006 5109
1953 2178 4570 2681
976 3198 5991 3356
3724 68 5069 1542
2103 195 5540 3739
2391 125 6123 352
2718 1619 5583 3223
1330 2970 1363 3640
1656 1536 5433 4319
5596 35 6007 3599
3807 3085 5340 4465
358 1497 2442 5190
211 318 2699 2596
4969 401 5782 2303
5162 372 5613 1118
72 505 809 1292
1763 84 2549 2848
415 379 4037 4231
47 4296 3717 4427
2676 2729 6005 3693
1787 1628 1876 1944
528 3402 779 3796
2920 219 6053 455
1141 102 1532 3787
152 2287 3255 3176
2290 2356 3005 2919
4181 73 6002 1859
1616 2450 4565 2927
3372 2670 4099 3002
1043 419 4683 3583
1390 3145 3673 4625
4152 2382 5126 3663
1697 286 3388 3186
1929 1836 5942 4161
1847 900 3293 1847
1379 2052 4489 4360
117 4657 1449 4775
737 812 1512 2099
1787 1423 3451 3304
2186 655 3568 3022
2377 502 3476 4714
699 1230 5052 4212
2192 2943 5792 4317
3281 1146 4845 3704
1872 2381 2123 3627
1192 3431 4878 5178
1503 53 4011 4511
1267 557 4450 4036
1121 305 5121 2222
3820 4596 5298 4870
725 1567 839 3718
1759 308 5439 3526
1039 4660 3030 4704
1782 1800 2018 4867
4680 1134 5284 1844
353 819 6118 3665
2767 105 6107 4734
2588 941 4900 5032
1693 1280 5614 2328
829 4232 4558 4519
4485 1896 5001 4731
1437 2566 2884 3162
1646 187 4867 5089
4411 3441 4936 3685
2102 3538 2147 3778
3331 236 3496 3916
1071 1489 4874 3672
1067 4761 6018 5067
678 32 2882 970
1739 2496 2813 5038
3602 3302 5943 5033
1405 1313 1991 5025
1383 1191 1656 2233
4021 2112 5036 5070
1849 3718 2828 3779
704 1712 1766 2763
1272 547 4969 3857
3503 228 3719 1480
3045 392 5856 2357
694 935 5700 1561
2970 1926 5025 3829
379 393 5382 4205
1063 105 5592 4833
2592 2050 3650 4398
2120 868 2737 1043
958 1139 4076 2598
4741 699 5974 4547
2402 2529 4969 3689
2705 1092 4626 2654
2364 481 2611 3061
3719 799 5167 1253
2790 1376 5608 2548
476 1794 2556 3302
356 3264 661 4840
2351 2991 2614 3084
1090 4417 4590 4857
3794 552 6117 830
4144 240 4447 3378
1192 60 3141 1642
2785 1455 4530 2752
1117 532 5362 3991
401 978 5696 5090
4786 1086 5250 4009
483 2972 4214 4865
1876 3852 2051 4728
5024 2839 5233 2942
2571 1216 5814 4734
3555 1908 5879 3630
63 274 4533 3777
3721 2140 5195 3720
2181 1806 5473 3868
2551 1048 3304 4850
2741 600 5815 2343
1946 131 3768 3053
1917 3169 3836 3732
3975 2294 4942 3693
594 1685 2480 3258
2346 1536 3827 2060
134 2324 3940 5000
1239 362 3039 4129
2086 2915 3750 3692
5231 774 5958 868
93 3863 3642 5188
917 1981 3194 3619
4278 185 5256 3792
1835 2176 3057 2829
2973 1778 4504 3026
402 2607 3074 3127
455 2109 2039 5133
536 4489 1363 5089
1678 3243 5842 3965
3455 1359 4105 2267
2831 2309 4539 2809
2730 888 3220 1916
1273 2893 4423 3274
1076 1442 5708 2135
1588 3530 3817 4433
1824 916 2398 933
939 1706 2787 3815
1367 2851 3959 4274
923 2984 3259 3968
326 569 1659 2431
5085 284 6004 334
1670 346 3594 969
1940 259 2872 412
4128 3350 5853 3380
1109 1271 2870 4541
2800 4835 5193 4956
77 973 5703 1710
1635 560 2388 2613
302 2063 5031 2685
1824 602 2669 4520
448 2187 829 2194
528 647 1908 1759
2128 874 2918 2120
3265 390 4471 801
1854 2090 3687 2552
399 2656 2343 4169
882 1207 6019 4682
173 2358 1469 5172
518 1131 1127 1257
1406 466 4751 5032
2167 1409 6032 4495
1402 2510 3388 4027
2365 419 2693 2215
3490 3194 3724 4940
5750 3208 6067 4507
484 388 1785 2037
2085 315 2276 476
831 1559 3552 4221
2568 588 5683 1784
1093 389 4583 3620
2148 443 5871 4518
557 86 1244 1912
2773 3371 5089 4882
4303 2597 5359 3903
3860 683 4159 4835
1746 946 5552 4484
965 151 1292 2262
674 506 1863 2343
3105 1682 4819 3079
3792 1568 6127 3032
3516 1058 3829 1513
251 444 4569 910
629 708 2341 4466
2450 232 4065 1008
3162 265 4606 609
3231 759 4777 1588
189 2127 4054 2654
1838 60 1967 3699
4579 3766 5876 4779
2059 2975 3319 3408
4802 1830 5425 5036
2338 1341 5664 4108
3554 3600 3900 3820
4206 224 5971 4438
2449 2277 4315 2897
3958 984 4835 2381
3102 2859 5880 3045
185 1338 4399 2128
1392 2304 2426 3907
1612 612 5934 1952
2525 1647 3891 2962
741 717 4453 2812
5350 4008 5708 4330
1475 2148 3855 2840
1431 1863 5698 3581
3758 1389 6122 5056
96 596 2700 4165
294 710 473 711
847 2461 2922 2980
484 146 3240 617
2307 238 4087 3425
479 876 5984 2407
32 845 2928 2846
2412 2742 5951 4523
4072 2388 5669 4288
3729 1612 4237 1717
1796 2596 2959 2993
1395 4282 4699 4767
3224 1613 3502 4156
5006 1194 6015 1954
3057 914 3738 3447
1422 197 6034 4232
123 443 628 4455
874 413 1592 742
1943 271 2329 2444
1084 4301 3303 4724
1704 1902 3633 3321
549 2967 973 3289
1130 365 5215 1741
416 1118 2049 1880
4437 375 4616 3763
723 519 5764 4227
3314 1022 4226 3694
2270 1061 4872 3711
3183 704 4907 2129
1745 941 3601 4276
1495 2605 4443 2896
2401 1213 4525 2069
1296 655 3296 2798
3287 149 4409 3421
1004 356 4400 4865
1772 3641 2712 4181
3455 302 4953 4138
472 1397 4357 1483
5536 2731 6130 3067
81 1211 5877 5104
2898 2277 5570 2774
1047 1953 2711 2121
2373 3512 2789 4586
5077 1875 5990 2255
4934 1693 4942 3600
1853 3326 5302 3803
124 1279 3015 3213
1856 466 5086 3335
2588 3593 4320 4052
195 1908 527 3256
666 2910 5202 4347
139 1645 4587 4494
1648 927 4249 3227
390 2118 4417 4881
1300 1391 5792 4561
3923 35 5260 69
1168 1002 5460 2303
1229 3266 3237 4464
1372 269 3101 2271
2383 1154 3847 1354
3378 3594 5050 4899
2892 135 3996 3159
387 1606 4826 2985
845 555 3055 3171
875 1048 3287 2815
34 1080 2581 4673
1229 656 4917 945
1811 558 1914 2620
422 390 2200 2239
438 2181 3646 3346
370 2006 1247 3054
104 944 2537 2750
2187 2571 4022 4309
3485 3415 5775 3722
3564 1560 4410 4530
3754 69 3874 699
1959 1724 4588 4530
2152 39 3163 3701
1926 2552 2681 4078
1921 246 2760 4234
529 1511 4719 3025
901 3335 2873 3707
1709 2966 5327 4727
356 3010 1674 3387
2066 1294 5366 2043
1501 56 1848 3993
2252 403 5856 4316
3260 801 4082 2850
2863 3479 2993 4658
4721 115 5837 2493
1619 2797 2656 4913
2872 4231 4786 5056
171 1229 561 4632
2580 3304 4503 4782
1659 2929 4378 4207
585 2222 5255 3110
174 1111 4356 1675
181 1010 2651 1733
1893 3369 3089 4526
1074 1096 1375 3490
1828 435 2657 5003
1246 555 3983 3917
1159 3881 1471 4172
4647 1311 5102 3904
407 2001 3641 4171
1999 872 5074 1842
1293 151 2814 788
379 2486 4634 4715
4271 1447 5818 3369
3451 1170 5315 2836
25 1411 1928 4004
4279 1625 5788 2399
274 524 2553 3152
1200 1302 1256 3044
3634 2978 5223 4572
1364 823 2072 2854
2387 428 4442 1562
2252 1972 6067 4303
4283 570 6036 2890
2498 820 5777 4542
2610 958 2954 1273
4655 1015 4810 3070
3574 1601 4455 4377
754 64 1506 4826
89 1580 360 5144
1972 3948 2867 4316
470 2709 4831 3542
465 2980 5217 3575
1625 3643 5151 4053
9 2281 1270 3282
3954 343 5016 4300
4896 2208 4998 3715
1287 591 5564 4132
4252 46 5020 2430
2818 2132 4580 2974
1771 1211 3916 2914
1248 1962 1661 2337
471 3646 5804 4913
4043 1107 4647 4848
731 884 1396 4483
1095 1112 4027 2765
95 302 4049 870
2539 1264 5990 2479
3436 1082 4205 2855
1758 3159 5107 3281
2618 3732 3386 3738
2265 648 5956 1716
733 2396 1142 4450
4147 2757 5061 3936
1192 23 1290 2321
1233 2167 3405 2906
617 3139 2039 4232
991 343 1809 4391
2516 4430 5807 4657
619 93 3932 1676
1245 3827 4001 4771
1400 2365 5007 2725
299 1963 4896 3370
3286 122 4836 1029
2397 1682 6066 2641
3043 2867 4747 3633
679 196 2317 2057
1355 66 3634 1413
1909 1475 4654 2014
2446 1709 6099 3826
2177 3247 2769 4534
1829 2455 5004 2501
3639 1351 4284 3365
1248 117 2629 2515
172 2818 3820 4689
585 1286 5918 1923
231 1570 1844 4089
213 156 2690 972
2745 2672 3916 3591
1179 316 5678 517
2936 514 3703 2789
363 3295 1618 3540
547 3057 4545 3552
1154 823 2957 3726
382 4542 3945 4609
651 4800 2734 5128
193 360 854 2291
692 165 5662 1877
45 351 1774 1048
556 1387 2128 1536
1977 184 2124 3946
345 3836 553 5185
5684 85 5962 1636
3488 745 6030 3741
488 1183 594 3925
577 2812 2739 3864
391 1132 2529 2692
2692 3520 3867 3783
4021 3983 4965 5060
892 927 5337 4054
1956 99 3932 1473
3070 1666 3545 3901
1061 1742 2525 4262
4157 3336 5936 3481
3673 3680 5715 4813
3294 2788 4740 4963
184 2116 2983 3256
2238 569 2525 3918
3443 465 4513 3015
1012 3397 1403 3431
2805 543 4504 4621
655 449 5598 1287
4385 1009 5778 4775
1730 761 1894 3947
2273 1946 2647 3478
1918 1313 5866 3123
1446 502 4374 3964
887 460 1665 2194
2300 1055 2719 1544
9 2376 2178 3777
343 2107 4325 3094
3137 113 5101 2634
2358 508 5616 4305
4368 2147 6056 3980
1951 2487 4049 4732
1326 2724 5345 4459
764 3784 814 4416
4296 3082 5916 3967
2398 756 4124 1857
473 1073 5631 1516
605 297 3347 3262
2034 94 3509 805
296 232 344 2077
742 1935 5439 4254
1345 586 4691 4796
708 1749 1089 5106
1273 1892 3522 2233
2632 1373 5441 3406
1419 2719 5483 4624
238 2059 2060 3895
2939 4495 5568 4727
942 4722 5740 5061
5241 1505 5889 2812
948 596 2657 5075
1757 4763 5193 5069
5051 418 5570 2539
274 1644 2181 4406
1978 722 6078 4200
1636 1016 3626 2173
494 3977 3263 4621
3006 1267 4322 4579
278 2815 3110 3394
699 2627 5538 4192
1936 3217 2146 4517
1345 1797 3295 4742
3603 2116 3975 4281
2033 2328 3743 4072
168 532 2819 554
2853 1945 4993 2228
1565 828 5887 4342
835 2654 5070 3225
3770 2554 5836 3116
77 1376 1085 3707
1704 485 4249 2062
4765 1009 5461 4670
3131 2103 5036 4517
977 2945 2313 3580
4409 520 5253 2240
31 3143 5443 4069
2949 881 4227 3094
820 2902 5212 4392
4 2502 2284 4326
3876 1315 4892 1981
3587 1569 4967 4586
1520 1540 3241 2165
953 1613 981 4136
4869 262 5402 3855
467 2331 1152 3675
3749 968 5124 2921
3061 713 4886 5140
2606 2471 5245 4982
1017 718 4808 2377
2332 2992 4549 4805
3008 82 5939 448
2390 1507 2880 3828
461 2933 1169 3755
1166 4839 4268 5079
2718 368 2834 419
1133 79 4711 1320
4184 499 5534 534
2047 2692 4476 5041
674 666 1423 1743
2302 1359 3969 2455
5838 1022 6018 1275
3743 1668 6112 4297
2970 2658 5574 3431
2450 874 4629 4683
1602 317 1884 4860
2808 95 3714 4740
637 107 3306 1007
2755 1617 5640 4808
1493 927 2836 2102
5684 722 6045 1432
1712 2189 2009 2609
2043 1761 5762 2594
2361 2256 2719 3319
999 1836 2573 3625
1095 3826 1231 4096
821 4369 4004 5078
2163 3447 6048 5047
320 4520 2419 4814
1930 2280 2416 4166
2605 884 5854 1361
1931 3514 5973 4832
273 2931 2471 3974
1389 2584 2093 2896
2304 698 4823 1557
1690 2755 2054 3432
473 887 558 3627
3375 619 4152 1994
2843 1172 4365 3594
2744 3325 4706 5070
2839 1862 4008 5057
923 1445 4478 1747
590 2077 5933 4739
2190 1094 3518 4689
2675 3171 3823 4540
271 1926 5895 3609
1384 970 3085 4636
1729 1855 3603 2278
63 953 2308 1494
1495 285 2632 846
5136 1795 5231 3629
2050 4158 4540 4364
2317 914 2342 2930
87 653 1298 2739
1972 3782 4650 4019
2471 2005 4884 4360
3267 2055 5459 4460
4928 104 4972 3042
3095 1588 4826 2490
4122 3360 4921 4753
3640 254 5953 1915
3613 3182 4894 3365
607 553 5384 4770
3427 1147 5392 3120
2069 514 4023 3266
635 2368 5843 4442
2515 2769 6101 4306
177 4311 1161 4818
4070 2109 4827 2924
500 3516 3759 4521
114 4626 588 5119
35 1245 5302 3999
3705 1968 6116 3423
512 2652 5665 3185
2565 1671 3006 1880
30 208 444 1669
918 1702 5543 4021
3715 2875 4261 4588
2660 4511 4778 4974
1011 2372 3607 4640
4487 3188 5914 5042
2634 3207 4466 4657
1925 33 4494 2630
1525 4333 5446 4923
796 1850 1332 2862
3011 498 5623 2855
4041 51 4280 97
374 2556 1721 5185
1049 3385 5654 3460
3739 779 5538 2430
2026 1800 2233 3335
1355 1035 3683 1516
2886 841 3017 4512
1030 2465 2083 4432
2726 1443 4858 1757
777 78 4841 3193
714 3339 4945 3949
2973 2845 5718 4573
3684 288 4959 816
2502 411 3164 853
3954 237 5584 802
1907 1664 2995 2673
1636 2075 6035 4459
737 1253 3727 2112
3813 257 4403 3503
2502 93 4949 581
1259 409 3317 2480
2087 1012 3065 2880
913 3880 1603 4989
3156 1362 5768 1472
2999 916 3979 4949
2921 1526 5481 4774
4393 691 4626 4324
1568 217 4147 4695
2829 3332 4896 4307
3399 2503 4935 2573
581 1535 4561 1679
2233 1031 3818 5022
1711 852 1865 3507
2745 481 4105 3232
1247 48 3552 3962
1080 3004 2397 4322
161 2137 2915 2832
4482 2951 5067 4328
1965 691 5074 4713
24 2468 5526 3352
2633 3002 3539 3267
1579 1622 5878 2325
2678 1460 6065 2484
501 692 2470 1251
1071 1030 1166 4119
234 199 5151 913
1785 4117 2171 4647
1379 1372 3030 4979
2436 900 4402 1574
3087 2290 4766 3366
487 44 2711 434
3830 2551 4375 3672
4238 1904 4341 3533
533 1840 6088 2472
4651 1882 5382 2410
50 863 5849 2567
2641 1840 5330 3299
925 1715 2477 4704
267 3539 1060 3968
392 2405 2603 3808
1130 1174 1890 3536
65 1525 1528 2564
1588 4698 5043 5044
4074 2541 4851 3590
1254 1265 4565 4157
827 3392 5251 4830
1337 1902 2683 4974
666 2205 1151 4253
677 1407 4697 3680
1241 419 1920 1790
4158 285 5811 4168
5177 2702 5432 5036
2253 791 4540 3936
1840 814 5348 2276
3186 103 4773 2514
1751 697 2859 4526
2141 1174 4567 5179
4571 406 5238 753
312 129 5272 4177
3335 1474 4561 4193
1458 2887 5824 3546
2569 628 3689 2446
4386 2205 5589 2839
3412 565 4016 935
3099 3390 5316 4105
2401 325 5501 502
1536 2325 3943 4638
49 1968 3970 2821
1107 573 4338 2135
594 959 2376 1051
1057 981 1638 2765
2552 3424 5702 3880
1077 1072 2564 3830
1484 155 2652 3830
1844 437 5756 589
729 1100 5345 4757
130 235 1558 1557
1306 2212 1656 2651
795 2402 2475 2609
5464 2611 5891 3043
844 1406 5180 3164
1569 4587 3630 4955
489 2088 842 4077
2604 244 4502 3365
3226 2040 5289 2348
3318 2544 4514 4104
536 213 6030 2174
1442 611 3078 2398
1971 3401 2686 4347
4686 1977 5007 4477
5568 1865 5663 3557
2292 1328 3828 3224
562 1715 5409 3211
5130 1726 5964 2001
84 1491 2995 1851
3627 1714 4515 3312
1902 387 3184 1026
2171 2956 5809 4424
3105 740 3220 1761
573 2388 5734 2845
10 704 396 1530
530 955 3463 1746
340 936 5556 1664
645 1236 5469 4639
2410 3096 6080 3569
767 1345 5950 4791
44 118 4813 2964
3750 719 5001 1305
1932 1096 2523 1239
628 666 1995 4759
419 3115 5395 4797
437 2145 2067 3514
910 2232 1084 3322
928 851 5648 2238
3763 3364 5000 4100
790 3069 5506 5202
1146 453 5059 4780
1221 331 3120 3723
1714 583 5793 2654
1775 4295 5887 4318
214 2121 1070 4770
112 1209 1813 4594
1063 1710 2434 5175
2734 3298 3563 4762
566 992 3340 2774
2069 626 4750 4677
2302 1258 3649 5136
808 3556 4486 4201
3676 2866 6091 5134
2200 1818 5580 2067
1563 919 1678 1906
3238 1003 4475 2972
543 892 5581 3435
523 3397 900 3419
1789 15 4168 3137
430 2764 5300 4218
2275 1776 4031 3628
914 303 1275 4247
1751 2597 3950 3507
1004 410 4608 3852
2024 804 5028 3176
2604 2893 3378 4702
2185 685 6111 2931
5016 296 6040 4498
1581 3833 4975 4187
549 4039 1535 4064
130 3901 2468 5061
1082 1776 6080 2647
3066 2359 5877 3987
3339 99 4629 3315
2063 635 3749 3615
1555 316 5494 3789
2402 129 5361 581
669 488 1286 1614
2688 3134 5395 4646
798 3582 2421 5094
1119 414 3073 2523
49 1261 2702 2707
193 278 3097 2594
1422 1022 2585 1157
2072 2121 3148 4914
1101 120 3251 2009
2523 896 5041 4596
3366 1139 3857 2777
1026 690 4177 1542
2512 1287 5940 4920
688 933 3038 4450
2832 138 5353 2968
620 510 5704 2742
443 383 1361 2375
186 675 4815 2662
240 2343 3634 2713
1901 2391 2288 4944
1209 4378 4846 4689
975 1475 2836 1674
3338 3951 3926 5056
567 2068 1746 2248
2827 93 4344 5032
4589 765 5887 3140
1070 834 5526 2387
636 2897 4986 3283
522 1086 2811 1331
4022 1038 4438 4366
1776 972 1827 2454
1959 2329 4737 4003
5161 1195 5546 4417
3693 1630 3739 4927
1572 1811 2531 2277
1530 1494 4205 1551
4831 264 5311 2356
1622 1264 2712 3429
38 3860 1130 4475
1984 2317 4672 3545
356 220 2456 4788
1198 1445 4733 3830
475 1213 1251 3688
2155 284 4722 3010
5798 1746 5997 2657
710 1343 3690 1824
3293 170 4977 2182
5576 2659 6069 2740
904 1186 5743 1841
2897 58 4899 2069
3645 383 5014 1714
3219 1763 4141 2360
1058 2161 4643 3845
192 2214 1241 2749
31 1007 413 1518
3510 1177 5159 1505
206 3527 2057 3943
2719 309 4047 4533
2680 338 4937 494
4193 3649 5323 4746
3435 3519 4389 4124
71 2310 238 4999
1956 1326 4526 2311
381 1938 2901 3754
2407 2001 4260 4663
1001 1304 1705 2523
3359 1269 4575 3291
2031 1161 5567 3538
1213 4162 2230 5201
734 3382 1120 3877
2097 2349 5934 2896
2156 1448 2750 1484
530 452 5654 3029
4265 2620 5411 3215
4253 2240 4355 3906
2343 3 3674 2908
28 2088 243 3738
5369 196 5713 3022
4099 4746 5069 5030
781 2193 6030 5050
2046 591 3328 3085
1291 1233 5728 1848
73 2323 477 4848
3278 2421 5899 4471
427 1544 1543 4970
1803 3301 2463 4213
129 1894 1721 3497
407 2684 5882 4725
5503 1024 5538 1391
482 961 4418 1007
1981 1302 5294 4058
2133 3884 5129 4511
121 1446 1904 4924
1159 3674 5581 4746
2888 4692 3711 5102
1262 491 5337 5014
189 2499 5096 4756
2148 254 2933 2997
1093 132 4375 286
83 2482 4571 3874
3952 197 4163 3020
2361 2574 2724 4926
177 2958 2905 3261
4048 2734 5162 2857
1114 4195 4110 5139
276 387 5161 661
370 109 1950 3709
592 1385 5135 4887
2432 3464 5139 4705
304 19 1874 4600
993 1654 4674 3636
3636 506 3715 3683
3724 4487 5515 4644
980 1616 2695 4562
458 2130 4548 3899
937 2129 3734 4605
1228 143 4886 1409
3061 2126 4117 2550
2432 317 3840 3041
897 1746 3352 3263
1796 12 5998 205
1342 1511 4380 4166
2554 162 6035 868
412 221 1549 4412
3569 906 3790 4269
3726 1467 4691 4196
264 1109 4612 1329
2062 1475 3480 1852
2089 2793 3458 3183
734 539 4655 2745
1009 2238 2912 4892
3317 2925 4760 3541
1363 1574 5475 2652
40 120 4823 3748
973 2362 4834 5062
1939 1392 2327 4165
1406 1158 5740 5005
2815 2656 3671 3859
3130 2441 3253 3580
1006 1107 1805 2466
2166 302 5978 560
35 16 5451 601
1727 4718 3260 4851
11 2677 1830 3952
395 555 529 3061
3458 1303 5478 1837
4428 1593 4479 5184
1029 142 6082 4745
3086 741 5802 3689
5492 2348 5683 4497
2805 766 3758 2237
4527 1226 5320 1599
848 1739 992 3565
4887 1730 5509 2908
114 3138 4301 3222
4313 450 4672 3999
459 1807 6051 5151
2217 1143 4127 3712
1465 2961 3034 3861
4277 295 4910 369
880 4861 1363 5172
2113 85 2522 4449
963 2363 1319 2878
3057 843 5642 1118
35 3519 4699 5036
341 325 5886 330
969 3487 4053 4588
3379 387 4002 3054
1127 246 3677 3982
849 2057 4905 3641
1548 844 5970 2869
2193 2053 4475 3782
99 3269 2977 4363
1267 278 2182 3484
2393 801 3719 1726
2266 3427 5482 5015
1011 113 2940 330
3410 1534 4093 1931
1725 30 5317 341
5684 1635 5686 4903
531 1904 2614 4205
2601 4541 4488 4881
764 2255 3040 4971
3772 3953 5951 4246
202 668 2131 4282
375 1621 5185 2416
2380 832 3624 2590
4091 1936 4745 4994
5016 1207 5715 2994
530 669 3093 3780
537 737 3754 2753
5099 1432 5367 4054
3691 2324 5034 4381
416 425 3408 3503
1605 1520 6000 2859
590 2557 2898 4985
3319 431 3602 3049
3054 240 3090 2807
1331 1404 4355 1409
1581 1412 3613 1490
497 1951 723 2321
791 608 3457 3176
388 1062 2222 3936
227 3759 1609 4073
2746 675 4911 987
3110 1752 4289 4021
354 3452 1541 3544
308 1006 1235 3392
4064 623 5010 4938
2437 689 4078 4916
495 1149 4036 3553
5 4028 44 4588
3281 1510 5088 2766
485 2493 3674 3161
3254 98 5998 3204
4238 1630 4675 2335
1047 1128 5116 4607
4984 1976 5636 2510
4372 226 5874 1619
275 692 307 2474
1949 3661 2693 5030
2180 41 5212 1335
1194 354 2206 3873
693 608 1457 3072
391 1303 3088 4319
1254 1095 4803 2507
2405 1514 4206 4406
1382 2462 4337 5107
4920 822 5368 1493
1635 87 2047 1151
255 1442 559 5032
2376 3623 4725 3979
1681 2188 1933 2428
2067 1237 4937 3826
5425 1329 5721 4714
3599 3745 4124 4904
1037 439 5467 3185
2943 349 3129 1704
173 2891 5357 3678
5178 1674 5682 3846
1660 642 5387 4710
2086 2223 2950 4267
599 3451 3796 4854
2019 3615 4901 4432
554 598 2494 2760
2476 1963 2847 4601
1561 1333 3867 1686
143 21 208 1123
1230 3391 3013 4114
347 300 3794 4135
44 171 5910 4987
804 2063 4761 2116
2534 3220 3097 4486
1680 1245 2609 3256
2794 2130 3991 4597
2083 1791 3661 2951
776 684 1180 3790
1 3597 68 3621
891 3775 1589 3777
796 1395 5427 2782
734 2783 819 3648
1644 4113 4173 5192
1094 2890 4439 3447
1739 2829 6074 3381
1449 873 5323 3602
2169 3040 2691 4320
1811 1004 3667 5060
1358 1492 3633 3089
2753 1687 4085 4317
229 390 2344 4132
5976 692 5987 4978
1484 434 2454 4623
323 2669 4765 3096
2519 1042 5589 5056
2420 292 5300 2743
788 667 5566 2619
4166 348 4438 2852
483 1791 1095 2081
311 3586 3435 4161
1215 1036 4326 3888
1513 1790 2117 2480
571 4558 924 5145
664 1536 1624 2153
3248 2572 3301 2801
2122 85 4428 4057
2255 1646 3394 4529
819 1253 4540 3744
862 825 5087 2620
1409 558 5607 2551
374 327 4893 4642
1704 640 2667 3275
4000 765 6040 2417
732 438 5604 1142
2511 38 2972 3308
73 904 515 1342
3087 1110 3306 2804
2034 3114 5710 3634
2621 2545 4427 2635
1332 1728 1663 3178
5257 2181 5693 2947
1148 2796 4398 3695
790 752 1149 3252
50 4488 3828 4866
1476 1607 4840 2010
3593 827 4724 2136
1114 849 5449 1139
31 39 1192 2165
53 299 1397 5057
3335 1612 4385 2036
1159 115 4876 2652
2224 53 4844 1030
718 974 2171 3001
4200 2123 5246 3538
58 550 1529 2572
1067 2849 1200 4849
2919 1175 5654 1871
260 2087 2088 2493
1913 1571 4427 2653
1225 2621 4957 5151
2562 357 5242 3721
874 231 4664 4192
507 1290 5844 4435
1065 1224 1969 1262
3163 1793 4843 2771
1013 1157 2111 1440
1958 1653 5921 3147
280 420 989 1888
1458 2442 4489 4086
1585 1143 3773 4931
1392 118 4951 1437
3371 2479 5444 2991
1843 207 2321 3328
1807 399 1904 853
3380 469 3893 1536
2330 757 4406 4141
1181 2276 5708 2585
1675 1696 5814 3359
5582 547 5995 4005
133 1944 2159 3716
186 63 3359 708
1645 1199 3872 2091
1994 113 3497 691
1270 679 5038 868
308 2886 5519 4277
4487 64 6018 4728
1423 2803 2060 3326
2059 462 4916 4000
1047 197 1423 3445
1649 1481 2472 3703
3588 99 5877 2837
359 1697 1745 2158
607 1472 3634 3625
2321 1004 4357 1424
1592 965 4832 2395
1689 436 1903 4828
3992 2392 5365 5014
2404 1135 2863 2989
609 2687 3069 2700
522 891 6039 1796
584 2595 2697 4706
1904 418 2986 1252
3395 1943 4549 4039
28 2124 3495 4845
970 1534 3070 4085
373 4065 1886 4738
4413 1359 4996 2983
27 1267 3190 4344
2469 399 6132 2265
696 500 2990 2497
4715 787 5231 4726
2194 2846 3522 3037
1982 349 3428 3257
237 3895 4778 3912
2572 2095 4514 4129
2401 2588 4185 3343
1610 538 5518 4146
1764 1656 5969 4428
301 2519 3690 4245
3449 2083 5818 3684
206 786 5344 2676
4269 283 4647 4887
398 1425 5300 1496
3629 985 4947 1891
529 1924 3807 3031
4074 2311 5348 3546
3399 2067 5028 4048
1024 238 2067 2341
1789 1336 2975 3619
2360 129 3099 3722
1617 1371 4537 3715
2177 1080 2946 1519
22 468 5669 1165
2000 4132 5266 4871
5041 1329 5716 5172
3370 771 5173 1747
3136 1431 4411 3198
36 1971 4336 2514
1576 927 3579 3333
4877 3075 5833 4586
1519 2600 2864 2667
1924 4006 4141 4569
1477 277 3136 1520
3744 3648 4801 3651
351 932 1564 3124
5348 339 5987 3511
1577 1 4111 4641
1621 414 5266 3523
3636 227 4158 3025
500 2048 1712 5184
366 510 3909 1445
3761 707 4365 4915
3735 140 4910 4499
1002 1373 2448 3012
919 48 1419 1956
2151 3277 5970 3562
3170 2090 3984 3697
1323 64 3201 4974
2620 1204 4768 5134
788 3377 3607 4995
4345 1712 5415 2841
1644 1151 5236 3525
1152 438 3050 4070
2786 1107 5580 2311
1270 382 4683 3218
1562 597 5875 658
5853 2067 5896 3179
1764 1473 4793 3329
1176 3536 2243 4367
4947 1236 6024 3423
593 4044 1217 5058
1524 4356 4080 4383
105 1006 1108 4013
123 2050 1221 3334
92 884 4882 3544
2153 454 3415 4093
683 1615 1614 4167
239 2641 4822 4242
4028 1021 4410 1752
1617 109 2484 1136
195 2002 2501 2101
3417 3452 3879 4627
2145 1319 5132 2932
3096 448 3480 4953
4873 1079 5950 1497
293 29 625 2018
184 525 4238 898
973 1230 4884 4840
200 2755 3331 3920
1288 1381 1950 3645
983 1091 1234 1393
714 876 3837 3209
1862 1246 2827 3409
3722 1488 4795 2802
5137 2075 5796 3711
1968 1296 2978 1537
3281 4065 5823 4539
26 28 2264 2125
1316 4455 4477 5106
1668 664 5054 4740
3823 2974 5143 4190
888 1258 3853 4863
2988 3900 3522 5163
1300 1868 2047 3140
419 1702 6129 3879
1704 1439 5207 3773
2492 1592 3248 2907
979 546 5121 3660
1884 1309 5674 2877
2751 233 4866 3950
3427 1803 4837 4629
937 33 2411 3774
887 1737 2281 3326
1519 3404 1889 4439
3907 316 4120 3531
455 185 3145 1083
1215 4783 1541 5040
2810 111 3787 4622
2306 2322 4517 4043
3305 3513 3601 5162
1699 1770 2941 2150
4015 78 4731 3432
297 505 5887 1390
318 1687 2227 1970
2154 1068 5023 4799
2573 907 4686 4683
894 1484 4181 4366
944 3102 980 4323
970 1357 973 3329
1027 1264 2051 5070
2437 2504 5818 3455
195 503 3791 3041
1300 1937 5648 2611
2540 762 4565 2117
2056 2331 3837 3947
2139 427 4823 465
1883 467 2888 3414
260 1531 992 2692
83 1467 1856 1779
2987 3366 5982 3653
985 478 5449 3977
215 2660 3569 4878
1192 1343 2883 2316
596 3592 918 4194
908 1918 3172 3297
1648 207 4349 2482
204 1869 1030 4060
4376 1395 6080 5139
556 3591 3296 4095
2308 549 4737 2853
3227 1376 3281 1969
1430 49 2689 355
3533 2251 3916 3241
2968 965 4638 3951
555 1763 1335 4944
341 1619 1057 4687
162 1211 5638 3909
106 1421 1984 1796
118 2257 1719 4578
2242 2139 4432 4485
2575 1328 5497 3065
4003 1378 4785 2750
480 3467 1261 5048
301 728 5107 2917
2304 2864 4139 4531
2286 1525 4592 3041
1422 1585 1642 4350
3967 534 5335 912
1937 490 5275 1563
621 583 3232 1050
416 1067 2233 2635
168 1173 884 1245
2706 1701 3359 3971
2417 2866 4335 2884
74 1764 2933 2187
222 1410 1560 4258
1926 458 2413 1030
34 1806 5785 4123
2633 1044 3833 4858
1198 411 2491 2860
1426 386 1580 965
595 465 655 2014
2426 784 4154 1074
4097 1560 4652 1900
1258 3778 5570 3913
297 3117 2703 4446
3935 1560 4967 1873
511 159 3783 2832
1654 340 2009 4209
2966 841 5336 2908
4022 2010 4334 5182
2632 1447 3125 2780
3901 1120 6033 2009
4357 3347 5819 4603
2473 8 3180 683
996 2102 4942 3450
122 2293 4295 5135
1325 2271 5759 3547
2610 2944 4646 4171
2939 277 4315 403
1162 3913 5644 5055
2127 2643 5439 5061
1029 3821 3807 4811
162 413 3451 3303
36 1722 5480 4569
958 559 4381 3313
58 3369 4070 3918
1221 3734 3855 3977
104 2421 807 4008
1178 1447 2778 1867
3941 2402 4321 3495
235 15 2392 3249
3659 816 5634 4708
3176 41 5521 1767
430 644 5513 4293
902 1820 4515 3297
4414 1157 5501 3233
190 527 5832 1252
4233 1715 5429 4432
3787 475 4173 3494
1977 3216 3986 4596
4617 4720 6056 4735
398 407 4900 1919
1195 1078 5196 4835
2088 2953 4506 4651
2601 60 3623 707
1467 1203 3227 3618
1309 1832 3254 5126
4734 3011 5375 3770
2458 1727 4251 2603
1014 586 4095 2480
551 541 1350 3103
4155 1207 4437 1670
4331 755 4948 3749
33 1076 1401 4999
3191 983 4534 4567
901 3800 4891 4647
678 605 1887 2671
2213 2365 4129 3025
1123 4560 5223 4893
1938 1500 5132 2898
1088 687 2344 2262
166 2591 3584 3307
560 2090 5693 2113
629 127 4848 2910
40 1707 1697 2581
1867 1504 5833 3429
1798 595 5677 2472
3659 802 3884 3658
1304 50 2247 1457
3967 844 5404 4201
1389 1197 6117 5109
1456 1137 4016 1816
1596 1369 4496 1664
1242 2469 2593 3842
5772 763 5823 2778
3339 2820 5885 3671
814 1071 5436 2811
1865 2922 4136 3600
1659 1924 2644 3629
1002 480 5115 4953
5431 143 5439 2854
256 1274 3662 1382
376 484 2025 2341
3258 305 4181 605
450 1810 1394 2011
2605 2149 5046 2748
794 3487 3190 5177
4831 2013 5002 3374
2427 1970 5161 4260
1777 817 2744 3257
3431 833 5182 3172
201 1565 3277 1802
2633 570 4635 1956
4094 3713 5984 4952
1584 2621 1803 4841
4752 3171 6049 4794
115 1604 1842 3852
1759 95 2864 1729
2152 849 3526 3040
765 1246 6087 3582
4970 1829 5904 1979
1708 4237 3288 4758
1848 1608 6043 3031
1147 4699 2050 5180
2043 3077 5708 5135
3120 36 3951 417
1517 2385 2537 3457
1464 759 5260 4844
1945 2963 3101 4662
1347 951 3097 4194
1613 1835 4630 4555
2817 657 2899 1812
4703 1742 5621 2977
3801 836 4765 1977
4480 1036 5356 1611
799 1004 5652 1144
212 191 339 998
782 1668 3370 1888
3960 518 5817 1972
2461 1320 4074 1607
5597 569 5723 3755
639 2336 3225 3140
1152 584 5677 1942
1581 69 3765 4771
3402 3500 4913 5121
2877 1787 3095 1981
1333 580 3947 4944
1027 460 4906 3308
2998 1040 3084 1064
281 2567 5828 4066
2997 119 4246 5154
5460 1068 5483 1354
431 2229 3952 4772
606 653 969 3860
1097 465 2970 3554
3047 3175 3226 5200
891 646 5673 1206
1889 391 3950 2119
941 2681 4250 4147
1223 323 2908 3073
1344 30 2188 767
2652 2010 4509 5125
2634 5068 4637 5143
1680 802 4192 2901
2552 386 5699 2221
4943 2660 5104 3641
2 1518 2691 2962
2896 691 3735 1305
4213 2434 4369 4436
2224 165 3923 3123
1987 1349 5799 2044
3521 173 5651 3029
1912 2931 2604 4254
141 768 3136 5125
2821 1491 3132 3369
445 1934 5162 2286
293 842 3330 940
683 582 5959 1644
4070 2128 4752 4366
670 1352 5570 3173
676 4249 2412 4822
5270 2424 5632 3452
1753 3615 5206 4979
838 451 5616 451
5764 3805 6028 4974
984 3245 1230 4580
915 2118 4274 3075
3089 2194 4543 4483
2576 723 5076 2379
1012 1492 2068 4864
501 4252 5259 5143
1542 2150 2846 2905
658 2392 2296 3836
2055 3443 5029 3822
2134 125 4240 1118
2538 1997 5052 4964
5761 4487 5950 4859
1576 1377 5689 4362
4117 25 4414 1412
121 3706 2728 4983
1145 3056 1180 5084
209 1563 4422 1880
477 542 2653 890
1009 1324 3372 4869
1119 515 5384 1578
1953 2251 3908 4314
1558 174 5671 3318
1363 1090 3900 2553
2927 318 3455 1733
452 506 2470 3516
1357 1958 3407 4579
1774 4219 2722 4469
400 433 1573 2788
2092 4045 5806 4376
1840 1831 4072 4502
1958 1927 4859 4159
418 919 5039 2231
3849 853 4066 913
3029 984 3178 1813
783 1271 5400 2597
2500 1881 3303 3462
79 2214 6015 2397
25 3058 687 5126
3060 569 3662 3888
1373 1826 2863 3533
285 3196 736 4474
783 930 1753 2281
2243 1375 3498 1694
2388 2882 2935 4750
275 395 950 3494
928 1198 2968 2850
2559 4206 3879 5167
2196 4862 3106 5189
2766 1838 3815 4948
5032 1682 6069 3929
1572 1128 1925 1594
738 396 3419 438
1198 220 5290 3570
4459 1328 5024 5200
1796 1641 3523 2075
522 694 2790 1219
1800 3240 2248 4998
2886 4163 3576 4388
223 3205 3579 3246
165 1151 1717 1920
732 453 3505 4008
1846 1687 3337 3383
2089 435 2555 2526
874 930 5925 4653
722 3492 2655 4281
771 2307 5335 2630
5353 698 5806 1388
101 855 2002 2358
3001 1443 4651 3802
3063 294 4369 590
2823 3964 3018 4980
4976 979 5426 3790
4123 2039 4415 4765
1991 28 2923 1837
444 15 883 3928
1288 3824 3249 4802
2581 2363 4716 5102
2908 900 3270 5155
1898 924 2141 1577
3034 734 5393 2200
2109 2739 4917 3826
1198 2149 4950 3211
3653 2841 5807 3395
4937 1827 5734 4476
355 4203 3707 4388
399 2009 1133 2915
3539 1858 5338 4088
772 1665 4894 1704
248 622 2543 3818
4093 3893 4770 4807
1617 20 5642 1457
1662 162 2076 3099
1118 3003 5939 3543
1006 2635 2596 2912
1480 774 3813 2673
2910 154 3823 1674
866 886 1008 4113
2031 995 3781 3102
1362 135 5899 1802
4755 3407 5147 3567
3985 161 4772 1343
3062 4491 3445 4577
2326 3871 2522 4212
2781 972 3287 1806
254 3978 1653 4979
5170 2977 5386 3862
530 1678 5154 1784
2493 1084 3748 4354
10 1943 4037 3193
786 497 1307 2494
4287 1380 4633 4449
1345 1701 3047 4235
134 6 4740 4908
1923 138 5833 3440
1994 3230 3039 3700
1549 1157 5080 4623
3092 1591 4889 4365
1218 2268 1482 4519
1217 3569 1358 4321
5071 3721 5260 4967
925 2726 3428 4606
4318 879 4378 3797
278 1681 1229 3107
2965 113 3565 2896
2453 499 2639 3744
4828 222 5655 657
3677 2793 5935 3833
4307 1363 5912 1678
204 1535 2105 2930
1355 416 5052 2760
4499 341 5200 3061
772 312 4817 1435
3805 235 4672 497
805 644 4189 4375
1129 1766 5716 2870
471 884 2179 4452
2045 3301 2684 4075
2204 3439 5914 4122
670 576 4778 1028
3322 101 4001 2393
4037 1696 4747 4074
1067 4644 5866 5053
3101 1077 4781 4794
1783 236 4767 262
2209 1318 5052 2649
1470 3383 3113 3461
164 2809 1225 4130
606 1128 2679 3188
2647 1588 4172 4690
1658 2043 2243 2556
4720 568 5296 2228
919 843 1170 4304
4683 2471 5054 4009
1340 2211 1829 2374
2164 661 5884 3762
3931 1560 5310 3651
32 2841 5449 4206
320 838 3991 3540
2344 1785 6089 2436
839 1161 3296 2702
1986 3210 3864 5098
3292 3738 5685 5013
2624 243 2647 3166
1737 2072 2718 4608
1440 2076 4277 4512
3972 2319 4201 3413
4763 880 5976 4438
1631 3429 5577 5179
1146 870 2499 3326
146 1583 2575 1667
757 1047 2966 3139
1568 92 3262 2599
101 101 6104 4669
1534 830 3783 4360
1885 2379 1981 2382
728 288 889 3953
401 3443 2523 3943
294 1002 3552 5114
1807 2316 5959 4555
4476 1680 5320 4658
598 1344 5181 5143
445 1674 3678 1741
2765 1436 2803 4827
21 2154 243 4534
2090 3569 3491 4131
1097 885 4218 3706
5675 2505 5909 3695
325 1483 362 1498
202 3007 954 5198
4147 3971 4463 4555
2768 1600 4188 5025
3029 3477 4778 3713
5570 369 5831 2671
1348 1330 4865 3718
3311 877 6036 1690
413 522 5231 4846
513 638 967 4950
2820 2598 5916 4144
518 2266 710 4788
4845 591 5647 4487
3117 4606 4770 5204
2714 1178 2903 4516
2391 940 5254 1990
1762 399 1962 1794
3593 957 3894 1157
2759 126 3801 1131
2243 1321 5962 3315
1418 2032 5564 3937
4468 221 4863 5146
1040 2518 1393 3300
2244 195 2424 1306
4390 3522 4452 4485
1208 2877 2555 4313
4990 1613 5433 2363
1249 1136 3353 4299
3915 3376 6063 3942
1428 3638 5827 4282
4867 2466 5375 3600
3195 3956 5726 4615
3965 2962 4463 4515
4489 742 4937 3906
4814 380 5282 3902
471 1137 1518 2896
2241 1254 3614 4255
2615 2261 2984 4158
3602 1856 5926 2895
634 298 3895 2713
1367 2149 4519 3769
2452 2337 2552 4891
2313 4529 5454 4891
3794 462 4255 3262
1520 2224 1898 4308
1414 2231 2843 3925
1305 2382 2220 3465
846 150 5106 1346
1147 2543 6039 5038
3447 4284 4213 4541
164 1143 5289 4857
1917 389 5622 5086
1756 2063 5509 2837
1571 4347 5416 4584
4819 686 4840 5110
4032 362 5529 1489
1969 3180 5674 3837
3962 63 6048 1573
3872 2384 5647 3746
324 2221 1664 4805
3811 1253 3966 3479
2008 4122 3585 5153
1197 18 1213 3002
50 3912 3273 4553
747 994 1970 3454
570 42 2151 5199
2247 1158 3412 1644
3243 821 3721 1439
13 1636 1449 3759
1157 504 4756 2298
375 1740 5107 4437
3852 1340 4273 1855
1142 689 1245 2279
2076 758 2947 1841
102 2532 2052 4349
369 976 3106 3217
1174 91 4139 3837
230 140 5633 1961
44 972 1521 1957
3912 2387 3966 3312
806 2589 5164 5066
1308 1618 2222 3069
5517 932 5796 2086
1361 516 5706 4319
111 1260 3439 3299
