6100 3502
1077
1614 1069 1828 5568
289 1751 2022 4646
821 4783 1370 5462
806 1632 1922 2433
947 405 3152 4013
2529 382 3103 1902
349 1000 457 4008
2496 4446 3032 5087
120 2071 2371 4880
2567 5181 2990 5838
455 718 962 3700
393 50 3118 5583
1033 164 1653 6092
2633 1852 3435 5687
802 4964 2369 5151
98 2928 1823 5788
413 2928 2980 3820
686 3292 966 5134
477 3564 2101 5822
619 1683 3363 3366
157 1536 3002 4376
3049 441 3451 5753
850 5687 1857 5741
175 1128 1644 4422
1395 3090 1912 4790
2403 1699 3019 4719
311 1352 2305 1716
1721 865 2703 3441
2 3033 612 4198
903 290 3402 2863
1067 3270 1224 3890
540 2615 2019 4886
898 3513 2862 3596
334 1338 1705 5663
1918 2166 2916 3368
637 4858 840 5383
953 1719 3052 2009
1885 1664 2328 3530
281 1523 2118 1972
1475 5735 2112 5971
204 3146 928 6028
506 1594 3037 1828
1890 3355 2497 5727
1319 4217 1830 6070
2347 5089 3295 5567
269 1262 2798 1401
1830 1022 2542 1367
795 2156 2916 2814
2925 4268 2995 5778
1419 1993 3411 5538
2022 5352 2026 5505
478 1661 2568 5700
962 5755 1232 5756
1664 688 1905 1560
848 2279 1310 3121
115 399 2979 681
102 1308 2115 4696
530 4598 1623 4759
228 2046 2716 3291
1020 1620 1620 5493
1325 370 2873 1222
1116 924 2409 2358
2246 1007 2323 1895
135 1034 1126 1751
477 2524 513 5581
3229 4000 3404 6028
2060 300 2506 3750
1270 4256 3243 5846
730 411 1061 4329
456 89 3154 1641
1980 1265 3040 3471
1515 5669 3089 5915
1245 4100 3316 4607
1408 2513 2578 3070
1794 1907 2214 4012
1682 5045 1919 5345
1078 1997 2646 4237
2705 3084 2897 3681
2900 213 3138 266
741 1363 867 5080
76 2795 3278 3082
981 2524 1572 5175
665 2116 3314 3532
835 4847 870 5169
407 921 2698 2239
1521 5419 2615 5719
208 4329 2550 4629
55 154 1576 2380
118 2557 2542 3796
1396 250 1629 3709
614 207 680 1869
295 4370 2687 5387
1778 318 2628 3225
544 5468 3170 5562
138 1339 1542 3855
1411 1432 2975 3975
931 1882 2948 4667
486 1193 2968 3195
2103 3292 3279 5526
1918 2276 3033 4752
287 448 2413 3933
1826 21 2365 1350
1042 1717 2117 3941
774 3634 2419 4378
1468 3483 2298 5095
34 1502 467 4912
321 137 1451 1655
1295 5156 1440 5731
609 1104 2570 2578
1771 165 3015 928
857 446 3051 5407
823 551 3412 3058
2699 1366 2742 2005
1506 1752 1936 3752
1507 3664 2359 5326
1936 2931 2138 3529
1277 4005 2359 4281
2908 904 3165 4132
103 2782 146 5611
98 1033 1453 2331
2428 1834 2450 3320
1028 212 1374 1759
104 48 305 2365
374 1115 3188 3869
2991 4980 3240 5032
1394 1240 1841 4135
75 1194 2046 1402
1276 2673 1768 3873
1374 499 2287 2001
2979 437 3147 4522
1882 2241 3392 3892
415 5031 2991 5470
1570 220 2154 3897
1325 351 2747 2612
496 2633 2567 4389
308 752 1913 5886
435 2145 2306 5839
1748 2426 3461 3897
1818 2481 3359 5612
1618 75 3050 2180
2358 3011 3389 5286
1186 2891 2300 6000
801 95 1175 872
1255 2525 1449 5693
87 161 2082 1562
808 1264 1302 3063
554 1511 2644 4100
176 268 2095 1370
943 205 1083 1482
355 3508 1384 5948
1656 3684 2721 5318
2013 1812 2457 2867
299 3205 1058 5199
841 20 2312 3781
937 833 2098 3147
1644 425 1857 1847
482 1490 2680 2674
1622 2865 1835 4429
2018 1968 3364 4536
1214 3882 2392 5703
768 3345 2066 4711
1019 1332 3243 1587
709 3077 1525 4314
945 3642 2804 5087
675 3751 3180 4788
285 3031 1084 4586
1821 1056 3401 4701
216 457 592 5145
2737 401 2743 3450
1185 3818 3287 5575
3218 3719 3241 5834
1968 4816 2048 5892
1621 2826 3048 4247
872 4897 1198 5807
1830 1758 2158 3125
1780 255 2607 4390
1949 2694 2585 2830
1386 1251 3296 5594
1299 3205 3175 3700
3003 1788 3163 4805
351 2948 918 3306
855 123 1154 3256
351 3585 1276 4128
1695 4075 2060 5081
1065 1668 1784 2292
83 2429 2062 4299
424 283 984 449
1463 2913 1952 5922
1274 726 2424 5895
435 213 1061 3922
1718 3261 1734 4485
2521 4183 2917 4645
3161 2264 3479 3414
1307 1764 3173 5281
1155 829 1601 1025
2357 1394 2990 3695
1134 1614 2702 3029
162 3383 2290 4694
235 2668 390 2926
1972 79 2349 541
1390 830 1581 2210
292 3976 1866 5958
316 962 2294 4404
2903 1397 2996 4759
3151 3120 3288 5315
1084 3753 2073 3888
390 349 2040 418
977 3366 2922 4400
274 5065 2002 5075
565 815 700 1153
233 262 1194 3439
1797 598 2573 3541
1184 1966 1426 5453
412 3134 2335 4646
913 728 2085 4560
317 2363 2955 3345
121 4901 469 5121
358 5928 1886 5938
1412 4170 1614 4433
252 2451 1165 4328
882 1747 2943 4902
2055 656 2668 4018
2024 1217 2054 4301
3013 1687 3395 5971
83 4508 232 6087
17 927 3381 3758
865 2560 1716 3755
2984 847 3330 5949
3038 1262 3121 2563
267 2542 419 2911
634 1322 886 5265
461 360 1913 3940
1167 998 2794 3749
273 317 2114 4205
393 1513 2984 4713
2311 412 2370 3765
639 1862 1406 4322
130 865 1480 6053
519 429 3029 2710
698 3477 3407 5988
858 327 2280 2239
194 678 1289 2331
552 1066 754 4062
1707 3166 2798 5986
687 4586 1350 5187
1385 351 2936 5120
2250 326 2981 2861
1141 300 1249 1245
3092 898 3485 5885
782 2376 786 3482
23 4798 103 5254
6 3225 125 4629
959 2664 1580 4609
147 1634 600 2289
782 2864 3216 5380
838 2733 1543 6017
2505 2276 2856 5258
1744 350 3390 434
2217 3749 2233 4021
1923 686 2596 5907
2157 1813 2406 2763
683 1773 2758 5188
663 310 2986 6062
364 185 2222 1539
851 4093 2086 5639
42 4404 1981 5034
678 2392 1570 5103
1648 4563 1831 5154
1739 2414 2999 2496
1429 5205 2123 6003
393 908 1439 4895
2357 5775 3020 5939
1186 1543 1424 1881
15 3366 185 3883
1756 21 2847 3555
597 813 2838 5897
2427 4374 3369 5872
2608 4384 3489 5379
989 929 1071 1243
35 647 190 965
80 4561 213 4907
559 4864 2176 5521
991 2825 1464 5281
1003 2834 1418 5801
1695 1342 2384 4083
1734 139 3461 587
842 3890 1616 5834
304 2246 2923 3305
1516 2696 1996 5194
1433 545 2868 1303
653 3269 2204 3710
2477 433 2854 2892
2029 1879 3016 4216
1384 728 1696 2347
1466 2561 2284 5414
1913 3432 3414 4332
730 2200 1916 5059
210 947 3477 1310
1275 980 1693 2855
539 1004 3124 2314
81 4309 919 5601
1595 3319 2001 4541
1483 2250 3294 4997
2860 4312 2968 5916
2720 2643 3220 5439
2361 4389 3428 4605
1131 991 2426 4054
1929 615 3103 5679
114 3208 2509 4825
659 3590 3032 3711
37 2612 1702 2659
2626 2563 3022 2894
1007 3443 2235 5465
2360 2176 2753 5376
127 1999 1124 6064
1959 1480 2195 4921
1875 598 3316 3532
2186 1056 3492 5072
2550 2727 3398 3455
1740 247 2823 492
975 208 2290 1581
785 1663 2736 5764
2021 190 3274 5217
2698 1842 2916 4627
1129 1901 2464 3405
1340 1570 2133 3972
379 1588 2186 2199
763 2106 2195 3832
1927 2896 2902 5124
2562 3926 3182 5267
110 1581 1417 2792
1156 833 3443 1293
1928 4812 2154 4933
81 1669 3278 3981
226 57 895 4346
956 2029 1369 3388
13 666 598 4432
2048 2070 2561 3455
2135 351 2277 5411
2406 1640 2752 4403
976 2827 1289 3335
374 2488 847 2810
1476 3390 2280 6023
913 861 2858 4260
1991 1121 2166 3177
168 323 3146 4251
850 4652 2911 6030
44 2012 902 4086
720 1662 892 2488
404 2747 3409 4728
1456 823 1503 2090
1801 455 2704 3338
1963 4587 2146 5110
725 2803 1434 3628
21 4701 728 5211
1943 2134 2545 4370
19 906 431 2770
1151 752 1585 4088
2371 2591 2720 4882
623 2927 2227 3659
1837 120 2139 4991
1178 3080 1380 3177
669 149 3500 2055
310 2467 2842 3220
554 3453 3416 3988
369 5729 1840 6061
633 2030 2478 4365
694 3778 1794 5249
575 4491 1800 5912
2334 1836 3199 6051
2323 1649 3086 3271
2197 2520 3235 5255
981 1993 1983 3399
724 1914 2835 5219
1617 2849 2233 4843
1294 4232 1918 5849
935 1473 1348 3293
2687 1745 3274 5353
517 1902 703 4888
1743 775 3175 1961
953 483 1136 2632
2458 511 3263 3101
550 1894 2936 5589
1150 4112 2520 4909
1479 840 2559 4164
519 4330 2564 5575
798 523 2425 2432
346 3066 3472 3744
957 1710 3407 1817
413 1945 3324 3967
354 1355 1960 2407
1950 2973 2421 4015
1571 353 2511 5744
702 555 1049 2370
218 218 1666 3973
253 43 689 4436
1733 2033 2677 2430
20 1255 2744 5569
909 535 3078 3519
889 476 3297 4960
292 2873 3176 2882
1856 1508 2318 5750
1202 1930 3338 3618
597 3844 3374 4222
1107 851 2606 2506
1945 2280 2372 4834
406 184 859 686
243 853 1847 2300
1360 1057 2506 3916
744 654 2172 4946
1655 4287 1723 5766
39 1990 142 5371
548 202 2817 880
666 3390 848 6025
2289 2627 3232 3556
30 614 1144 3156
1501 2777 3043 3132
660 2810 2499 5515
2701 5133 2750 5267
686 4124 2035 4372
459 844 2361 5482
428 453 1664 5585
1301 1842 1680 3770
686 1130 1200 3294
1243 2278 1893 4922
1627 1233 2062 5179
1355 995 3063 4699
1805 129 2533 5584
409 1487 2232 3917
1738 333 2654 6000
1198 537 3043 4406
497 2786 532 5169
832 1849 3304 5236
2287 1475 3365 4840
2027 5042 2522 5632
614 792 1529 4966
678 750 2322 5462
2546 1157 2567 1363
1399 982 3345 5459
1846 219 2427 1260
1034 4367 1358 5845
376 2062 2425 5230
1314 2161 2408 4600
9 1585 2351 5030
1450 1649 3478 4670
447 1054 1618 4374
66 2721 1236 5420
1035 5312 1103 5974
2173 1679 2946 3124
1761 1272 1996 3800
75 4124 2851 4483
1397 2529 1420 3344
15 3213 1046 3516
1936 1846 3485 2215
639 1351 943 2501
831 1318 3434 1817
1424 3419 2709 4197
742 807 995 2555
1176 1641 3084 3567
1048 901 2154 3500
819 823 1589 2535
1569 2097 2389 4793
469 1605 1644 5949
667 351 3225 5145
815 1152 2050 1800
1525 3713 3058 4726
188 3097 3488 4198
2658 1411 2660 5088
2350 2729 3223 5028
2 2177 560 2219
3135 1353 3146 1681
1193 1029 2183 3576
629 826 3478 4389
2923 169 3310 4748
605 90 1890 2122
506 236 2061 1376
559 1617 710 5066
642 1498 1345 4169
596 1080 2481 1541
1277 1566 2151 4446
114 3302 2389 3682
646 2365 1592 4991
1522 3122 1620 3582
2411 37 3311 4551
1347 1577 2739 4626
265 2537 821 4658
119 1648 1993 2131
320 1338 2051 3597
1680 899 2134 1812
727 1959 1538 5125
1871 209 3281 5550
2194 1838 2712 3648
1935 102 2267 3520
1599 289 2730 3222
2708 1098 3393 3885
1858 842 2029 5992
1895 3928 2510 4658
318 710 2266 1126
97 1293 3318 3244
970 4735 2387 5964
1663 1503 2255 2712
512 4431 2026 5593
456 2630 1406 3248
805 1082 1210 3493
708 653 1794 4554
979 2322 1845 3367
2797 2047 3396 3486
378 5797 3292 5965
724 2584 1412 4884
1323 4901 1576 5640
1629 3028 2456 3387
962 1911 2447 5448
211 151 481 3127
119 3661 2107 4262
385 4144 1454 5844
1917 1249 2884 2237
2054 78 3325 893
687 2822 772 5361
2927 43 3385 2276
10 3614 1564 5055
1141 2318 2780 4690
473 2986 1666 5071
571 421 1264 2292
388 2295 2675 5518
2922 552 3094 4136
326 994 797 4679
3087 2067 3104 4291
2868 4321 3267 4930
590 1718 2903 3163
1452 1790 2072 4833
1865 1668 3395 5325
211 2907 3420 4363
1295 1316 1735 5668
1726 481 1926 1027
262 1518 3224 2013
2637 1725 2676 5309
571 1060 1999 2224
267 196 3430 2155
2669 1286 3133 3997
1524 2121 3263 5558
489 250 1779 3790
242 3787 1427 5173
359 966 3460 5553
629 4638 1570 5704
1659 3087 3269 3559
3175 1320 3413 4296
1766 1536 2498 1649
322 247 2601 1161
421 3397 1512 5836
2170 1394 3489 4473
1078 87 1591 4683
1663 1216 2830 3597
479 1415 718 2256
1388 483 2840 5344
1580 3609 3477 5419
1199 5063 1344 5868
1520 3916 2318 5669
331 1648 1627 2204
1872 2126 2004 4213
550 1775 3448 5983
670 310 3452 2220
1558 877 1711 4032
970 2090 1978 4105
41 5749 3214 6041
1788 3969 2865 5191
946 42 3078 2756
696 2194 1694 5197
1668 868 2712 1591
1937 607 2866 3434
1257 3955 3460 4260
822 1993 3246 3203
166 2837 366 5936
228 1810 1678 5278
2231 209 2432 1828
1250 635 1269 5326
406 2367 1259 5334
2003 1942 2948 4411
1883 4109 2301 5804
1260 1508 2394 3847
119 1924 335 3645
2361 1947 3386 4698
1595 1232 1951 4667
346 4216 834 5406
53 3636 936 5311
1003 903 1131 3193
977 1135 3169 1938
290 1017 2264 4585
1473 2826 2489 4052
1455 4658 3461 5185
448 2626 3254 2637
3260 1397 3394 4993
1474 271 2373 928
1129 2365 3157 2901
805 1927 2632 4245
972 1686 2753 5049
308 586 3291 4218
1043 624 2232 945
222 2749 546 3890
1148 484 2423 3968
1075 1582 3263 2581
2863 4014 3331 4924
2221 931 2779 5161
250 3346 2482 4248
1800 30 2478 3224
1131 646 1665 2966
374 388 1371 428
1206 2018 2976 5751
1736 925 2691 3457
259 229 992 661
365 2956 771 4506
465 2026 1288 5303
1879 657 1886 4224
115 744 1940 4562
110 602 379 4251
1004 4593 2336 5380
1743 3708 2695 4007
71 4897 3403 5710
2997 62 3015 842
1597 3628 2475 5598
731 1696 1205 5708
789 328 3200 3627
210 1280 758 1367
215 3525 3045 3746
656 3404 3142 5582
65 3011 908 4737
896 2380 3497 4609
1037 1958 2295 3583
664 4262 1114 5293
666 257 3228 3014
1088 486 1418 5287
498 2321 1019 5355
374 350 2928 706
1161 2926 1319 3613
2665 3215 3501 6082
2191 695 3348 1048
1120 495 1268 2373
1521 3249 2657 5588
1294 3150 2496 3259
1769 1041 1776 1730
74 1536 274 4499
1201 2486 1375 3703
372 146 2192 790
1574 2055 3231 4681
1309 2253 1410 5864
3197 2580 3409 4962
504 1719 3108 3686
186 1161 2449 3856
991 544 2708 5518
798 933 2661 1604
359 935 1582 5597
1206 1669 1895 5226
984 422 1602 997
76 356 1223 2962
1343 1410 3286 4075
2721 3807 3221 4371
3203 191 3269 3104
763 2724 3170 5744
1091 1944 1915 4965
331 4805 1931 5373
1926 101 1987 388
2939 2793 3060 4571
20 2252 2582 5163
1273 2956 2701 4933
425 485 1215 2134
30 2304 3379 5933
830 547 3247 1656
469 2848 3258 3855
582 2855 2899 3606
2520 1470 2773 3755
2187 1793 3472 5935
1050 143 3304 2220
1378 2117 2672 4847
95 295 2069 5978
971 2733 3360 5452
897 848 2901 2786
1048 1002 1387 1626
2210 892 2426 5556
1167 412 1858 590
2015 148 3297 1468
92 3676 1300 5959
340 895 2240 4149
291 5160 2762 5275
2578 1160 3307 5016
1406 3420 1620 4213
1590 4307 3001 4383
1035 197 2512 4056
1622 1556 2816 6046
2316 3548 3162 4524
1986 296 2414 4761
452 4159 2941 4447
2228 3307 2279 5897
980 3458 2635 4196
2013 4827 2067 5948
940 4555 1734 5850
342 5016 2587 5372
981 208 2488 684
751 498 1721 2095
248 2467 1107 4024
1125 2073 2416 5126
2646 2577 3028 4198
381 2452 1501 3986
524 1266 1193 2351
2190 301 2659 904
3291 26 3355 2158
1714 1869 2296 4570
449 1807 1854 1844
652 3466 1075 4387
264 3859 764 5530
2145 966 2497 2522
1215 185 2633 2505
50 861 57 1935
2957 2419 3181 4222
2050 677 2534 2180
635 375 829 5685
41 1244 3374 4313
1157 4648 2467 4912
599 5081 1754 5819
1165 1065 2677 3535
1974 2889 3268 4121
455 2197 733 3232
1285 95 1335 4282
1555 2896 3116 4198
2430 4468 3377 5012
149 1433 3357 1791
311 1046 569 3286
2006 2256 2334 3669
1557 3415 2073 4151
651 1273 2506 4786
1550 2319 3112 4784
1039 1046 3329 1658
126 3363 594 5167
264 2316 2067 2608
1332 602 1359 2704
1995 1518 3344 5871
1430 1957 2842 2636
41 3413 209 3861
1278 1725 1575 4159
1547 5064 2056 5516
352 1921 3233 6033
750 1724 2870 3389
2375 1014 2488 6071
436 601 2511 2611
1117 2428 1655 5326
303 4890 2994 5503
192 2184 513 2920
5 1997 2287 4018
1753 3410 2680 4659
1649 314 3099 1196
1456 2211 1875 3102
567 336 2063 495
1841 2310 3255 4848
3331 2297 3394 4815
1087 2537 2749 4650
113 1767 2593 5549
1424 2667 2732 3704
631 974 2318 3369
926 1128 1969 2134
2052 998 2414 1754
2304 3070 3013 3916
1662 890 3159 902
1174 2691 2294 3804
740 3788 2486 4200
561 116 2201 1407
2676 2665 2899 5453
2369 4042 3344 4744
224 1685 1413 1733
968 268 3148 4651
152 3103 336 3506
490 181 1948 1354
860 350 983 3064
1533 999 2330 5966
1020 2926 1303 4015
157 671 3137 5834
864 903 2326 5044
172 1842 2869 5477
2864 528 3130 5443
1152 571 1791 4310
1609 20 2046 3728
44 53 2386 2921
1040 786 3474 2107
2332 2891 3186 5828
2824 1711 3208 2987
2561 4331 3181 5183
1050 936 1894 2661
2662 1185 3377 1564
1384 44 3486 407
14 2394 32 4340
2575 497 3243 1696
1582 69 2784 4426
10 214 156 4050
1555 1951 3424 5892
2098 850 3229 3526
750 4788 2134 5109
1429 2165 2377 5257
1985 2402 3421 5103
2504 768 3015 4502
2136 1610 2298 3732
3000 1846 3481 3875
754 865 1870 1218
3336 4418 3391 5253
1853 854 2654 5497
1054 390 2339 3444
352 3067 449 4847
377 289 2129 5767
1728 481 3447 4295
701 2638 2994 4835
2954 4057 3206 4293
1362 1262 2977 3157
173 837 2363 2111
2246 3295 2671 4740
305 1220 845 3578
295 2115 1992 2776
1050 5090 2600 5293
1893 82 2264 4324
2144 936 3028 5530
1116 2358 3105 5838
191 4490 276 5637
761 1390 1511 6086
2793 432 2930 3236
1833 3679 2640 4138
782 1937 1749 3021
158 454 3158 486
1035 3071 3076 3291
1986 604 3056 1413
1692 3139 1710 4998
2495 1 3224 3681
1063 1010 3328 1828
285 2083 3245 3074
2686 1305 3417 5330
1482 1382 3501 4956
554 521 1982 1719
2447 2545 2878 4390
58 1340 3491 2158
1672 1852 2196 2732
1772 4255 2375 5742
182 2899 606 4502
1673 2137 2076 2786
2345 3610 2733 5290
1022 3486 3345 4287
2492 4648 3211 6033
299 378 1928 1955
978 796 2969 3160
2254 826 2335 4246
526 1390 1414 2688
1490 3804 2485 4993
1220 3687 1908 5749
886 2057 1741 5089
1170 4159 1500 5662
417 759 953 1088
479 592 806 680
401 892 1269 3141
2486 1684 2549 2344
401 1728 735 2119
2144 700 3133 1556
156 214 3050 6061
1351 2274 3233 3486
127 3968 1637 4107
1457 2076 1876 4172
637 3533 824 3751
2203 656 2773 2133
1963 4661 2494 4934
1810 49 2707 2500
651 3923 2446 5201
1072 1273 1581 2776
335 1956 973 5542
2000 1561 2888 2948
1183 3502 2705 4373
924 4313 2861 5507
1545 1647 2714 3794
242 900 1463 4342
1693 3847 2216 5477
571 2412 2881 2890
507 4958 3004 5642
794 888 1817 3230
1115 273 2866 4282
1966 2148 3122 5520
1209 834 3274 2324
1286 2876 3278 3556
70 2890 1031 4024
2614 3693 3298 5890
2277 2102 2461 5502
352 3117 674 5796
2238 1993 2401 2762
179 2056 2189 3644
2662 1242 2762 4511
162 1093 1501 2133
1945 929 3061 1314
247 3903 322 5151
1359 1228 1854 3847
960 2586 3306 5277
575 2576 3288 4561
1213 1274 1763 2542
1440 84 1799 4964
684 1387 1509 2447
819 4284 2730 4742
2150 2487 2683 5033
202 618 1326 3167
71 338 2245 549
1185 2674 2583 4168
309 999 3303 2790
573 1130 1872 5098
678 3333 3018 4208
928 4319 3098 4906
1125 2286 1580 3842
506 2067 618 3605
557 4555 720 5784
1280 970 3044 5307
35 2778 2809 4061
669 1810 2746 3050
1515 3455 2813 5251
1107 2318 3232 4215
114 2021 2443 2039
1241 4075 2567 5785
2730 4539 2882 4841
1444 5072 3173 6059
434 779 3161 3234
831 11 2052 2199
1014 2033 2335 2226
1181 562 1820 563
1427 3386 2943 5086
2365 3586 3379 4680
67 758 566 2783
677 1200 905 2660
3123 398 3273 5978
341 1745 2604 4210
1431 2836 2704 3932
559 3182 2572 4060
2312 586 3166 1844
270 934 3431 2115
349 1100 922 3664
1123 1732 3404 5926
1093 376 3047 5216
224 1178 826 2333
841 1971 3327 5008
2055 250 3156 4153
3016 2457 3313 5011
1032 1400 2533 4352
475 1493 3341 3234
514 4668 843 4765
851 1667 1729 2601
317 3997 3199 4567
1020 2304 3017 2866
8 84 1069 578
1062 188 2666 275
283 303 1293 1407
385 582 2022 4768
415 3894 1679 3995
1060 604 1267 5577
13 2510 995 5231
476 385 2221 2249
521 562 2914 3822
1120 513 2225 2349
2187 719 3155 950
1608 4071 1949 4086
638 4902 1478 5510
13 2058 2588 5693
1389 638 2675 942
656 4529 2049 5669
1492 1057 3347 1911
225 2665 3479 3257
529 1919 1786 4837
1787 786 2589 1996
2349 1814 2813 3876
141 1586 1091 1851
2140 1628 3180 3222
234 871 3501 5360
1213 4800 3242 5991
1793 2759 2394 3843
52 57 767 2468
1366 2396 3474 2731
170 93 2406 2490
1406 440 2256 4460
146 828 2630 4271
1949 4489 3114 4648
1380 1168 3433 1797
1174 3728 2617 4544
628 3782 3410 4531
2974 1427 3061 4874
297 1983 520 2175
1047 1341 2638 3606
63 2670 228 5108
1904 348 2923 3651
898 813 2401 5868
611 4683 756 5387
89 2475 912 3280
2916 191 3484 2769
2629 223 3326 5200
1096 1751 2867 3468
1306 1442 3284 5006
269 1809 1506 5760
1788 1347 2373 5549
307 203 2073 2872
40 5892 75 5941
1855 1010 2135 1144
952 1716 2958 3811
1401 2462 3110 3638
698 13 3044 2627
1988 1008 3030 3133
3372 58 3381 3988
228 406 1172 1968
541 1021 3345 5507
1038 1531 2678 2051
561 2114 907 4940
430 719 2526 5294
232 1826 1456 4033
2631 140 3137 4840
1168 950 2867 1052
1559 5816 3054 6047
1745 1975 3184 4759
1677 815 2426 2599
1233 3869 1294 5195
1034 323 3501 2665
2746 1288 2982 1792
252 1036 599 5457
798 617 3290 4328
104 895 2448 5207
625 296 2095 4252
1072 346 1456 2477
3067 579 3274 5808
564 1692 2029 3598
948 3808 1813 4449
1600 2114 2609 3276
49 1506 541 2952
662 2981 1212 3519
714 1514 1632 3057
226 3178 1505 4646
1046 3117 2471 3250
682 4457 3407 4840
653 782 3406 5929
417 823 3464 5533
2617 2142 2975 2492
1528 1840 1559 2425
721 104 3033 3245
1196 3170 1869 4836
369 4722 1412 5122
542 4130 1537 4591
1217 945 2027 4560
1920 930 3352 5084
2361 1314 2876 1755
98 2800 460 5715
358 2212 2887 3186
1533 3047 2453 3983
848 598 3369 4469
314 2499 1430 5718
583 2129 3220 4480
842 1253 3053 2312
816 3413 3224 4889
708 2559 1811 3983
264 1362 1220 5811
903 359 3160 2402
2299 2058 2716 2076
390 1744 1974 1934
2690 902 3136 2331
2143 2807 3482 4234
1873 4646 3002 5532
703 3281 3102 4092
1326 370 3172 4365
3077 1029 3146 3844
2714 1762 2760 5642
142 2241 1440 5095
1200 2617 1816 4573
1587 3377 1605 6077
1621 4515 2096 5830
1509 3154 2352 3427
1064 3070 3351 5850
295 3529 1956 5349
801 4719 952 4724
1416 3927 2485 5671
1905 1029 3283 2205
794 4719 2146 4800
3151 1268 3260 1826
808 3409 1941 5864
2691 324 2787 1611
971 2401 2828 4362
3030 1447 3098 4387
1536 1897 2645 4680
2251 945 3262 4415
