1596 7136
2083
808 319 6886 1292
241 661 1749 1227
222 1148 2093 1399
1696 905 3192 1131
1049 231 4225 1578
401 244 6372 871
1298 61 3573 96
3752 326 3985 437
1638 118 2972 1234
3722 812 6337 1484
58 60 712 1022
2294 286 5794 1356
2664 790 4963 937
1870 669 3526 1273
2575 376 5559 579
1232 381 3212 707
679 303 5915 424
2991 143 3785 715
1990 742 4822 1218
926 29 2548 1418
6034 213 6943 1120
1787 396 3207 1069
1106 129 3292 1103
2247 54 2652 517
6785 949 7009 1452
1508 928 1848 1251
2631 572 3488 1116
72 396 2770 1517
3748 1343 4889 1429
774 1214 6314 1291
1655 116 4473 1103
4249 1036 5637 1085
1101 1185 2209 1285
3699 448 6708 561
5917 559 6389 1020
3528 991 4084 1377
364 358 2354 520
1578 682 2852 1580
1669 727 2101 887
3682 184 6138 1500
4090 57 4638 829
1306 458 4146 1130
3306 477 5223 1435
3417 1318 3824 1586
152 348 7086 475
2552 1130 3795 1408
1829 139 4410 1391
24 680 6133 1024
1918 52 5618 1403
276 327 5315 713
508 877 5653 1260
1629 745 1910 1087
2529 143 5441 867
2524 825 6364 939
1615 401 2751 997
3224 524 6571 1472
242 55 2291 517
2470 338 4755 1202
5407 337 6339 1079
2972 132 5068 1188
966 207 2366 1250
575 16 4294 1458
763 124 1147 1436
107 873 3969 1321
398 477 1338 1298
3495 832 5853 1457
4729 554 6684 720
3742 830 6523 1576
62 1295 3742 1545
3954 226 6862 352
2960 160 4600 421
1103 749 6602 1094
713 147 6304 1143
4926 140 7016 1114
916 608 1414 1493
907 492 4042 1060
3415 88 3459 684
2063 166 5198 275
6903 439 6908 1390
3503 586 6729 1320
733 172 6235 1266
2529 214 3406 994
2956 5 5331 364
395 1307 4898 1411
3978 1374 4130 1420
2492 205 3084 897
231 296 4161 758
1848 71 6181 1590
2628 200 2815 321
1137 951 3520 1443
4092 469 4251 1365
3414 236 5915 818
4558 499 6359 1403
2818 1370 5265 1441
5277 860 7098 1247
2701 160 4199 692
5203 131 6314 1212
497 270 520 463
26 242 2615 1507
3012 998 3308 1048
1733 800 2670 1282
644 62 4778 587
1606 113 1769 357
4686 401 4737 535
436 1232 2048 1552
845 420 6573 1317
2371 13 5529 159
3759 218 4172 1004
4616 324 6527 1371
782 511 4026 1220
1891 183 6334 289
2380 194 2513 1295
835 462 2838 1280
375 884 4107 1122
1360 73 4792 1388
808 9 5914 503
815 571 5538 596
2375 368 6251 401
363 567 2610 1550
390 70 3018 137
935 741 6100 779
196 488 573 659
1869 244 4185 1121
1391 614 1989 1144
4785 578 5583 1108
198 823 3157 1446
692 219 2558 417
3791 379 5416 1554
4971 1294 5056 1494
3481 133 5552 696
631 352 2640 532
1801 787 3608 845
670 999 3943 1013
805 897 6832 1272
630 577 6554 725
1671 241 4152 963
2425 8 2848 592
2759 1276 5601 1559
1376 819 2553 962
5822 396 6749 467
1193 782 5991 1234
1401 116 6932 1298
190 556 3659 966
894 308 4127 491
394 1117 5802 1272
3648 1081 4015 1301
1471 719 5516 877
2268 1029 3540 1209
654 511 5057 528
1213 54 2137 1357
1513 357 4514 1056
3748 1314 4442 1453
963 1376 2218 1565
3225 988 3284 1294
1877 533 4699 1193
1270 511 4090 920
966 724 6352 1152
4375 86 5703 207
3070 357 5928 849
417 1312 5649 1376
4242 520 6082 1024
1946 749 2488 774
260 1151 3090 1484
3537 383 6204 576
3716 20 3725 1037
3856 54 4453 742
1314 512 6410 1187
1038 494 5213 899
1338 223 7006 271
37 449 2956 1450
404 1543 3067 1564
860 123 3321 794
109 1264 5029 1539
2205 283 5168 499
525 150 3165 908
4343 502 5855 1573
3217 805 5881 1196
576 111 4438 1073
1409 456 3944 1185
815 8 6857 355
1065 737 5216 943
2654 779 6486 1095
241 912 6274 1343
3252 544 4145 813
8 1059 1105 1501
4740 59 5070 848
3120 828 5283 1462
813 59 6618 1407
860 1051 2601 1442
807 861 4019 1454
3992 225 4317 522
2751 184 6986 284
1439 248 5239 573
1776 249 3239 1512
980 103 3597 1586
4 272 3022 1149
2844 360 3002 1420
2087 330 3338 782
1752 373 3337 462
3361 736 4014 1412
565 816 7004 1021
3676 1075 5431 1489
2986 431 3637 1496
1450 488 2015 1542
2332 364 5682 1369
1457 462 2677 1516
2219 486 5628 1158
2351 364 6010 1457
3555 257 4694 1191
204 204 1450 1097
1282 1286 4286 1378
2722 736 3353 1079
1214 199 5629 770
298 1221 3586 1383
255 232 2966 1340
2586 766 5165 1092
4830 261 6145 984
2068 305 6590 1101
1991 121 4106 1458
3974 70 6515 1490
657 477 5373 834
1063 859 5930 1535
387 1112 3802 1558
967 1383 4561 1568
748 378 4262 1311
68 131 3152 264
254 184 3879 1074
1871 1172 7010 1441
495 194 5255 1014
733 1350 3368 1564
1446 1449 2154 1518
1012 68 3257 753
587 378 1144 1081
536 565 1431 872
4443 711 4815 843
3439 496 4967 956
717 471 3831 797
5277 139 5596 1364
2883 920 5081 984
4015 719 6440 1457
218 175 616 673
2784 739 4145 1040
1333 170 2171 1223
466 1012 2757 1335
2895 455 4601 811
3617 406 6268 645
3372 606 4229 1320
3256 1142 5291 1425
2613 104 4618 607
3110 1130 5060 1596
326 1414 2339 1493
551 15 604 644
3788 598 4197 1045
3724 256 6613 821
1943 342 4841 1118
827 545 3272 558
6057 253 6496 621
5809 32 6811 377
127 908 675 1299
459 588 6336 1400
1373 592 5875 1115
2335 614 2901 1144
1682 486 3271 1249
439 1205 4527 1439
3197 410 3316 765
2408 975 2781 1175
231 457 4103 702
3635 188 4907 388
666 96 1306 1533
469 350 2386 1147
1941 1057 2198 1548
33 472 1469 769
456 261 3677 910
1089 236 3461 483
2280 115 4115 377
4276 370 5786 540
4660 750 6586 1296
4646 96 4899 757
5519 459 5784 535
1543 2 2001 638
5476 464 5909 617
2112 1019 7134 1201
2459 743 4191 762
2269 1097 3691 1403
2551 928 2648 1086
1049 728 1747 1369
467 382 1450 1540
3865 131 5389 875
167 322 6515 1567
524 705 5041 798
612 28 1207 792
1503 18 3295 1565
3046 1325 4477 1423
1421 131 6705 1350
5055 1401 7102 1591
2225 1156 2312 1369
425 1164 1774 1537
2472 336 4238 973
78 67 4831 994
1038 432 5042 1010
637 461 2658 779
2967 1028 6263 1378
849 680 2757 845
1210 770 2597 1235
3328 962 3555 1573
1613 337 6760 1420
3306 1055 6806 1370
2801 95 5901 943
1409 1184 2510 1396
657 689 1503 1115
2293 16 4995 1325
13 860 762 1494
5407 1014 6765 1557
1094 1253 2949 1524
3508 1028 4882 1452
2334 855 3369 1037
2140 16 2761 929
240 96 2208 267
2702 577 4166 1358
1538 687 4483 1020
420 115 5567 1448
4183 137 4403 889
2655 1295 4622 1455
1006 879 7006 1066
1770 368 2279 790
3953 607 4175 1171
49 57 936 1067
5021 1338 5992 1366
1201 987 6184 1130
886 701 5226 1103
2352 299 5813 983
4985 264 5379 1139
4261 98 4350 1071
364 421 3589 513
2926 408 6443 818
5620 337 6822 533
346 640 4609 1129
2179 62 5466 1435
1473 1073 4831 1452
918 524 4945 610
3427 354 6503 937
1223 332 5897 925
53 2 5645 739
210 26 2239 896
1138 1356 1416 1405
1432 190 4987 1558
5091 290 7112 1524
63 1196 1216 1573
124 1 2842 154
2035 604 3643 1350
3240 949 4221 1417
1125 563 7127 1390
4243 417 5013 1294
1407 71 3984 1048
2261 310 6563 576
1768 470 2603 1551
207 512 2249 1335
1853 750 4001 846
2098 709 5119 1176
3092 383 5016 899
1779 363 4800 776
435 103 5169 132
6155 446 6733 746
3232 1224 3474 1373
3614 386 5954 950
271 609 3229 854
4868 1212 5299 1467
2190 106 3393 1568
1 564 1355 974
1051 617 2213 1462
259 68 6166 842
2945 620 3723 919
1759 429 1983 1164
2366 192 4460 961
1014 257 1392 554
2620 1238 6841 1286
3346 440 3600 679
2548 510 5983 763
4398 563 6653 759
464 510 4482 927
2807 423 5418 1037
2945 551 6214 581
2497 116 4207 874
3287 242 4824 552
897 268 1413 1236
1401 85 6838 1394
1624 1107 2023 1473
3389 409 5655 1098
2391 704 4963 1137
4095 709 6837 1520
136 127 3867 1329
2966 415 5111 1478
152 576 6864 1007
578 655 6815 1182
4453 1105 4671 1404
136 484 1402 1046
1083 841 2270 1221
384 570 1249 1523
1106 260 3677 852
2291 594 5867 1074
3392 462 4151 1399
1138 1547 2123 1554
618 54 5730 939
1435 907 4751 1142
1111 180 2839 1080
3492 116 4218 522
1766 262 2879 661
2692 102 7055 1217
215 312 2509 549
3187 105 3868 195
3921 452 4019 1418
4656 1271 5808 1307
2969 443 4846 1143
1082 1100 1343 1181
888 710 2492 1159
4545 429 4857 687
3147 386 6420 777
1624 418 5040 1382
307 228 4492 591
3357 180 6611 766
2622 493 3256 669
2681 497 7020 530
3746 343 6187 1210
2115 1316 2564 1422
2665 807 6126 1066
2239 549 3002 968
4691 1386 5240 1521
1041 70 1850 1118
4399 410 5756 1359
15 373 1858 754
1684 284 4301 1152
6147 1463 6468 1529
1727 522 6302 1586
4330 644 5513 1367
2427 21 6653 1177
450 1156 1953 1206
237 552 4873 1358
371 451 1849 1303
1606 751 6679 1195
3123 322 3991 624
3331 1433 5149 1518
1902 59 2294 810
3556 629 5236 1357
3272 179 6718 922
5159 490 6719 1212
4318 859 6088 1144
143 3 5892 331
1898 86 2391 935
1153 731 1424 925
3415 1222 3685 1405
5535 907 6842 1103
1895 305 1917 579
1832 373 2115 404
1768 547 2889 1181
2153 380 4458 1069
223 529 4124 1388
3932 1088 6756 1141
4741 222 5351 1292
326 666 805 1094
2776 568 3063 1448
2110 216 6554 362
232 792 2258 1306
5130 42 6114 1383
2334 894 5868 1355
3068 361 4064 446
696 537 4716 1162
4592 602 5904 1043
228 572 3121 853
3479 126 3842 444
220 428 5015 1324
1540 222 4748 684
916 965 7079 1081
2434 468 3380 661
300 471 4775 1456
592 1223 5974 1413
555 950 2556 1289
244 380 1771 1349
2029 37 6336 1554
677 858 1415 1283
1272 871 2441 1029
6255 248 6638 1160
908 92 2398 1220
2256 393 2813 1189
1853 479 5207 537
4083 763 4712 890
308 246 1921 588
3364 925 3726 1185
3787 225 7103 1345
1656 1150 4010 1521
542 767 3514 1407
3478 217 6575 1414
3137 212 3916 1154
2966 1118 6055 1531
1772 173 2321 1437
1472 120 2003 334
3427 336 5348 1145
4408 1335 5053 1529
1141 693 5306 1268
4897 334 5792 1372
1845 800 2252 1326
1631 200 6134 252
1990 575 2991 1449
2673 268 6123 848
2141 458 4010 1314
1824 152 3046 995
2708 236 4968 592
5767 484 6950 1012
1129 686 6489 1060
4754 552 5024 1333
1958 538 3687 1050
2906 419 3013 506
24 1025 2723 1575
3850 203 3994 1183
3217 6 4321 738
858 1197 5121 1551
3454 250 5791 788
1580 489 3353 979
1254 1270 2062 1561
2585 497 5971 1565
2117 189 5902 1204
492 506 3380 1317
6150 1298 6200 1346
167 460 948 483
2961 784 5780 1443
1745 752 2444 966
4060 81 6431 128
2484 351 4606 1381
2729 531 6677 700
2451 140 6837 1026
3795 472 4225 1073
459 692 2161 809
437 254 3795 814
2505 628 5635 1147
2080 184 4497 485
21 863 4525 986
2065 159 4636 1457
455 919 1065 1261
103 147 5656 1160
1272 1158 3351 1567
1202 393 4708 622
619 118 6101 1325
252 127 2891 1566
1422 212 1918 736
4054 535 5370 1536
3136 692 5797 1017
4676 83 5967 634
1585 1057 3570 1579
2410 122 4343 1372
1434 371 2382 1565
501 343 2488 1534
4712 687 6391 1483
5934 738 6279 1192
2878 76 6744 1225
1629 1025 7009 1495
1619 1121 5558 1140
883 631 3780 1218
1196 1282 1804 1412
6012 878 6518 1501
2244 811 4359 1476
721 1307 4446 1482
2761 487 3950 1083
2972 913 3830 1030
2545 526 3936 623
3460 1092 3812 1546
97 513 5531 956
386 283 1797 1242
120 953 3562 1522
1181 684 2224 1339
3243 381 3977 974
358 259 6999 1204
3332 267 6278 542
6326 329 6831 1010
917 27 2066 596
1979 706 4001 993
722 397 6689 1084
5154 31 6523 76
3280 766 4527 984
3847 618 6760 1058
3423 375 6406 1540
4445 895 6081 1284
1718 473 2512 1110
3056 459 6224 503
979 317 1177 1593
327 1428 1323 1550
312 1383 2896 1538
1141 1526 6948 1567
2885 330 5645 1436
1341 126 7046 1400
5157 682 5927 973
2536 702 2747 1575
1690 503 1734 890
3288 195 3714 972
2983 354 4663 551
613 131 4390 1124
369 542 590 1079
1282 212 1473 881
4780 87 5595 314
4789 256 6402 1486
1786 294 4514 377
5676 797 7066 1141
197 763 2060 1121
1732 61 7119 185
4916 376 5676 1127
3302 64 6857 1500
4221 305 4490 1584
1686 40 3316 1163
2017 739 6162 1057
584 894 5598 1048
2711 163 6076 619
2200 1041 6125 1529
596 425 3917 477
1234 476 3043 1468
1585 552 4685 824
662 230 1015 1146
1113 18 3419 433
238 612 1019 1075
160 1363 5970 1400
5081 975 6516 1590
2658 620 6834 1301
241 688 759 1212
3932 321 4798 945
4612 1388 5132 1406
130 52 6251 713
1205 1046 4554 1397
4576 160 6303 1473
2015 1095 5727 1175
3661 867 6812 1219
680 280 3567 637
5423 912 5692 970
2609 1261 6257 1553
1211 606 4150 740
942 763 1899 1146
2956 707 6493 1584
4289 993 5540 1146
3758 316 3905 670
2545 889 3712 1446
3013 134 6717 1187
124 68 983 781
259 572 1259 692
3144 565 3359 1170
642 346 2879 1021
572 106 1209 1490
93 930 3482 1034
656 471 6743 859
767 693 2128 742
422 1257 3374 1460
3481 361 5083 746
2116 527 6901 619
1424 847 2791 948
1725 706 5374 1521
639 968 1074 1130
433 1188 4087 1381
525 179 2645 520
135 105 750 1177
1338 402 4187 969
503 580 3143 945
1380 425 2167 1207
1318 412 3235 1278
3652 435 5832 834
1307 799 2891 1009
63 789 3660 1305
1839 83 2711 212
123 417 6660 1109
6105 172 6798 1357
1323 691 3536 1257
2179 296 3181 1005
749 360 5996 515
4869 206 6217 699
2092 782 6956 1549
1384 45 2253 287
755 894 6864 1557
2978 522 6338 1103
422 167 5956 1016
886 191 6568 507
3266 833 3845 1395
1834 189 4680 693
492 502 2447 1378
243 1265 6242 1270
629 223 4987 1529
1097 485 4922 566
2078 537 2616 1195
4275 322 6800 704
298 1049 3485 1367
2118 463 2140 520
1227 721 3321 949
5383 947 5677 1276
3051 56 3724 830
591 248 968 1052
1379 720 4461 1048
787 60 3997 648
22 128 2291 1406
1976 1213 7062 1500
1210 243 4265 912
1339 604 4936 1459
1677 633 1850 1347
537 940 2070 1351
254 745 3913 978
2792 1498 3598 1568
4933 603 5912 788
1360 739 2485 1117
2453 325 4306 1523
361 385 3081 562
1328 911 5154 1273
2607 1399 7082 1507
2092 391 4001 805
2267 123 5479 494
1345 160 5424 1454
2379 837 5677 1054
1428 1313 6380 1418
231 575 3272 601
972 893 6457 1514
842 255 6302 742
428 217 5923 783
2643 326 6195 1527
2435 579 4917 721
1073 363 5573 416
161 433 5664 774
2687 1047 7023 1174
345 603 2746 1273
1346 38 3272 780
2141 1444 4354 1467
5187 341 5454 1223
1187 316 3741 441
1168 283 4224 701
1327 235 5095 548
5220 160 6807 1168
984 257 1841 328
1826 146 2191 553
4263 1189 6118 1395
3395 698 5905 795
3160 1040 6850 1512
1008 243 5829 1350
4057 1527 4727 1555
409 511 3920 1128
2512 1440 3114 1587
2152 634 3458 699
3280 34 3704 646
3636 377 5451 1321
1498 630 4059 1409
2425 245 6270 1466
1143 768 5097 1095
5210 254 6123 524
1277 797 4087 1547
422 1104 1505 1374
1833 30 3224 636
2692 654 4126 1402
6174 458 6340 957
4594 933 6674 1569
897 786 1973 1089
6 359 6171 615
3906 260 4934 260
3863 423 4032 847
1462 741 4146 1246
2388 565 6360 945
3462 173 3915 1129
3064 657 5364 1196
3571 800 5999 1045
75 396 2530 683
853 676 5520 1571
1935 858 4732 1128
1771 1511 3330 1543
996 967 6858 1047
1066 467 1959 921
490 72 1974 1537
3611 598 4472 868
3287 1380 6529 1573
1856 574 5917 585
2824 185 5195 1204
1323 69 2292 1380
2513 399 5639 995
931 670 6865 1154
2130 145 4287 1488
1125 570 3029 1172
893 494 4343 645
1204 127 2826 161
1651 1318 3884 1428
2187 306 5860 1292
676 256 5236 1077
263 152 3520 1031
1278 200 6094 858
2056 43 3774 357
4194 1454 4300 1512
2661 1005 5875 1369
5013 215 5961 1489
738 256 1226 557
4764 310 5284 1529
271 29 5261 1016
2064 1279 4018 1492
4491 656 6302 713
1340 200 6109 813
273 632 5259 1567
102 169 1307 988
394 375 5213 1285
2898 654 5871 1227
1008 121 6162 1089
2695 21 4510 629
574 697 4179 1211
3390 856 4741 1284
200 312 3057 1178
314 626 1630 650
1561 697 5879 1231
3565 136 3580 859
5217 39 7050 1254
118 1043 6222 1158
430 1242 1215 1244
287 1234 1406 1567
3986 442 6671 503
277 291 2717 456
814 7 4551 717
1173 436 2931 642
791 1068 6094 1354
281 447 5620 1334
4726 882 5851 1008
405 79 7105 1427
670 85 1604 1189
4482 270 5757 697
348 417 3758 589
271 347 608 1251
406 522 1995 1080
1724 37 5975 956
1544 421 4417 1298
2650 786 3397 886
2336 33 5485 628
3154 360 5791 1492
23 781 612 929
3944 940 4486 1446
2457 498 2901 1539
2976 561 6020 1244
1056 534 3656 1550
417 1447 2374 1591
2173 50 5587 797
546 338 2003 350
673 1490 2297 1596
1566 279 5399 1515
177 402 1708 809
836 32 5612 734
2274 862 3673 1011
2961 1507 7087 1511
1524 144 6634 452
5594 169 6789 1545
3576 1369 5183 1583
6705 422 6945 1309
3988 118 6569 245
1974 1313 2867 1556
2924 1213 4233 1215
5586 437 5669 1592
1096 188 6237 1191
732 896 1630 1053
4269 1256 6548 1528
177 420 743 1558
2532 366 2684 383
2797 33 2928 218
1873 1147 3347 1319
1437 390 3394 768
656 38 1031 808
3476 49 6887 622
1648 767 4216 965
3399 415 4334 1313
1727 126 6004 773
2386 1079 5035 1248
472 104 4673 1262
2905 1449 6061 1450
3997 1278 4708 1365
1752 90 6070 1577
3365 836 5433 1013
378 209 2304 834
2135 206 4754 744
1818 850 2910 964
593 597 978 921
4206 115 4270 1470
1507 781 3858 825
452 314 6913 1189
1649 232 3712 938
3423 94 3480 653
4410 380 6262 1229
3164 969 6147 1354
2774 207 5853 1076
666 378 7000 1408
434 471 4882 1493
41 124 6694 380
1245 847 2453 1382
3042 360 3513 820
3297 356 6552 595
338 333 2031 1507
447 523 1082 1413
629 452 2756 1157
4411 418 4512 958
1150 441 5121 912
1256 115 6152 131
5539 1261 6260 1536
164 382 5775 724
3411 130 5501 184
5155 282 6816 341
183 30 1736 1387
4294 253 6118 1206
1096 216 3289 600
2233 968 2980 1411
2338 211 7128 872
3291 314 3988 419
2646 1289 3651 1407
91 966 5705 1522
2967 1321 4669 1564
3531 864 4380 984
1075 856 6259 1298
1566 275 3752 958
1562 117 5915 1544
2462 651 4862 743
4757 912 5402 1471
831 2 2892 1019
654 235 4123 239
410 464 4353 1085
3771 104 6211 165
941 417 6225 1386
4117 869 4514 1223
5287 506 6885 1172
1882 668 5094 1596
1735 401 3297 1542
3001 48 5139 331
3233 1151 3384 1221
899 165 5400 985
1375 71 5299 1345
1131 228 6119 1119
581 461 6632 1570
1818 68 2498 283
1002 752 2879 917
273 963 6304 1466
1859 63 2670 1195
10 69 1570 205
3672 814 4221 1536
2848 1016 3956 1240
688 622 1151 702
1683 1174 3234 1187
288 818 5472 1543
2618 501 4491 1527
83 1467 1823 1575
2160 369 3888 1498
1998 181 5415 538
1382 109 1927 219
2850 352 3585 432
1180 727 4189 1171
794 712 6019 1048
4972 354 6956 724
4353 292 5932 1561
3629 242 4859 699
1160 194 2971 785
1981 873 4753 1193
1328 12 3817 1243
3465 641 5615 775
3465 584 5223 1177
734 592 2076 610
975 560 5539 951
984 708 5851 743
5049 185 5845 285
3022 1125 3321 1587
139 160 4373 1091
3233 644 5570 1491
2763 656 5437 1525
3146 286 5107 456
852 707 4571 804
4043 609 4712 1574
3346 47 5142 1088
4657 8 6518 1159
4583 193 6178 1158
1454 175 4252 1076
2944 953 4438 1150
3814 119 5289 933
4618 1340 5549 1421
5529 455 6012 1379
5204 692 6538 751
1344 1385 2687 1445
2176 800 3012 1344
1131 880 1842 1378
1634 576 2088 701
5612 112 5910 741
5073 79 6856 1419
134 1114 1701 1201
4922 57 5640 1317
4976 366 6543 1280
181 804 1643 1541
1808 17 6171 1222
2252 513 6119 995
2225 580 3250 752
3237 335 3871 1020
873 1225 3676 1479
1610 349 2970 1323
7067 185 7131 766
4161 1007 6733 1170
751 126 1109 1194
871 706 4058 1574
4466 430 4689 1260
2574 128 3482 514
696 109 6298 1240
4946 515 5057 1431
953 1026 5340 1275
2915 3 3994 928
1588 839 6373 1515
3035 31 6410 309
2594 623 6099 1375
1216 194 5943 1133
396 56 4215 300
1624 309 2505 1520
354 9 1450 973
1542 320 3737 588
279 144 675 573
2427 284 5076 904
2875 1341 7114 1446
1197 598 4370 1405
4012 149 5405 1494
807 1024 1428 1335
1165 658 4220 1466
1525 494 2092 1384
1212 57 2043 1470
3039 153 4048 405
3285 631 5008 680
2138 473 3734 1552
1199 17 3362 1493
2454 439 6782 1407
4556 270 7060 1126
3847 1142 5422 1442
20 871 7083 872
1270 150 1630 337
3464 154 3804 975
5596 839 6751 1223
2420 515 4537 1096
2702 366 5612 699
3628 1047 3696 1212
4423 858 4740 923
4734 218 6533 1110
3314 96 5822 187
428 93 2119 1477
340 974 5596 976
3266 83 5610 136
924 1440 3842 1505
258 495 2800 1017
3725 558 4390 1422
75 29 1447 980
1744 711 2240 1002
873 650 3129 1135
2065 17 6413 475
798 550 4098 614
3567 567 7136 1041
1334 392 6392 1209
1356 570 3728 899
620 252 4945 979
6003 773 6067 1449
999 233 2714 704
584 975 6542 1071
2673 893 6406 1461
1169 1274 3981 1437
172 945 2231 1301
489 74 846 824
183 309 925 348
2513 746 3921 967
5166 731 6769 1114
1027 860 1957 993
58 588 2342 1225
937 613 6802 1087
747 805 1460 1432
3332 194 5551 635
2917 176 3553 1084
976 455 1347 848
101 451 4135 510
3720 564 7099 995
6747 421 7124 799
982 959 2718 1508
5065 55 5225 1068
614 707 4732 735
4815 291 4981 1044
64 59 330 469
4934 405 5108 1181
2435 483 4052 1293
2122 535 5543 1537
3882 283 6547 1406
1994 731 4483 736
4075 297 5158 1041
843 122 3603 1518
1409 637 3509 1195
3215 182 6312 1218
2593 161 7061 527
5716 801 6145 1039
2207 109 2883 1185
922 296 2118 459
4781 125 5125 1253
2130 63 5361 237
3179 689 6910 1448
1425 781 7042 1257
2310 182 4297 700
1987 624 6508 1129
2179 783 4882 846
180 389 5926 891
2019 10 5747 529
1320 733 5820 1013
3439 391 5762 1535
210 1122 1774 1187
1686 464 1722 658
3971 6 6472 605
5312 738 5766 1373
4141 553 4383 557
1988 283 5126 1576
1455 732 6721 1407
563 968 2091 1574
4969 90 6850 199
439 1288 6389 1594
865 15 3483 107
1331 902 3089 970
2569 928 7101 1239
618 210 5495 1395
863 1074 4153 1376
3819 244 6231 860
1711 1019 6424 1578
1438 82 6291 1282
1518 41 5153 1120
180 189 523 618
319 752 6968 1502
459 117 1853 1482
923 677 3504 1188
5254 633 7108 1147
518 615 2780 791
936 483 3880 1330
1230 535 4808 593
4558 222 6043 750
1352 382 1384 1047
465 19 2528 364
4353 1060 5594 1421
1334 21 4211 654
2439 429 5317 943
3308 257 4812 503
2279 214 5659 418
176 363 4097 786
3196 764 3909 1149
1794 130 4587 775
6466 181 6676 1341
1168 307 6780 434
4105 514 6125 1117
5281 1489 5912 1593
2814 248 4387 497
2122 1028 6235 1348
1446 1289 6706 1360
2759 697 3106 846
1175 678 4085 1185
2415 221 2423 784
1850 232 2806 701
3489 140 3780 762
3280 137 3795 821
3635 123 5636 499
484 564 6821 1187
3312 175 5480 759
4026 1255 4372 1450
1244 1044 5257 1512
3122 468 5560 773
1928 393 4514 1080
720 133 6569 347
2085 10 3699 1436
664 212 3687 673
1053 441 2346 1436
2327 951 3414 1464
162 187 1336 675
3755 901 6024 983
444 843 6108 1244
1121 593 3217 1134
2912 155 6101 1242
889 584 4726 1150
1758 902 4395 1093
771 404 3410 1318
99 788 689 1589
1319 1049 1941 1064
3704 190 5929 1458
4176 148 5808 1047
2627 344 2814 1282
350 640 2471 1322
585 669 3779 1449
1 730 6073 1188
3215 791 5974 1514
1156 471 3056 519
4447 390 5524 729
5635 1 7022 830
371 813 662 894
4865 131 4947 1155
164 27 2045 1173
1327 59 1788 111
1576 494 3698 700
4786 561 5146 1524
439 659 2408 921
178 179 5826 925
2166 946 4810 1376
5240 588 6610 1097
3935 110 6457 1191
1502 569 6585 774
1013 424 6193 587
339 451 7009 1496
2632 359 3308 1026
2375 415 3990 1581
2975 434 6838 844
3932 328 5243 1539
2297 383 4230 822
1137 690 3774 899
234 547 5357 742
5035 1080 5265 1202
2680 877 6699 1014
1768 728 3089 1186
2733 583 4393 856
2373 570 4871 1474
1182 1167 3435 1436
2823 74 3932 741
5140 785 5385 1345
33 1098 1841 1268
3203 855 3992 1278
2749 783 2778 1486
2497 601 3444 1037
3085 18 6795 537
3423 29 6470 790
1168 1098 3890 1587
1416 472 1825 635
2059 827 5598 1312
1351 528 5735 977
256 613 2827 1331
1856 53 2371 1422
6534 124 6631 313
4883 961 6510 1006
1867 11 3345 1294
3423 922 5069 1167
1994 580 5189 1523
3771 199 5519 916
667 1265 2599 1567
2865 124 3900 890
1259 200 1550 308
916 910 6684 939
2948 553 3231 1112
5604 791 6799 1491
2764 387 5161 699
3049 796 6166 893
1611 56 4065 1048
2359 11 2702 1074
1970 611 4763 1334
6744 96 7112 1526
95 439 3878 1003
2271 338 2449 912
1853 75 6733 940
492 416 4370 1205
1270 537 2499 1140
3182 1098 5325 1233
1459 521 4037 1275
1993 863 4313 1494
859 189 2904 382
2461 1144 6485 1269
682 790 757 1056
2706 96 5189 1272
915 44 4040 1058
1866 401 4501 869
263 900 1796 1470
973 156 5528 1396
3567 683 4205 1414
1515 882 2624 892
1081 39 4588 415
2248 56 3089 497
1202 904 1870 1429
1081 393 1800 1079
2352 127 3558 1169
5165 999 5901 1453
5652 81 6141 819
915 391 4822 1147
1689 422 2480 988
481 1209 4531 1448
2272 322 6553 1429
1395 13 2172 673
1639 388 6080 971
6610 676 7072 963
3423 553 3650 598
2799 761 3341 1566
5428 519 6856 704
2303 284 3675 1016
1857 426 6420 769
4954 683 6785 1526
3715 321 5198 1096
1256 80 4562 965
1937 268 2413 1234
1765 615 3825 1425
3801 51 3959 105
2871 107 5410 333
220 20 5161 699
1000 497 2445 1431
944 1 1202 148
670 661 6502 1108
2392 1107 7133 1560
87 836 1294 945
408 181 6203 553
469 72 5069 1440
2736 252 3945 1540
4121 263 4180 913
204 318 672 416
1190 851 1561 1533
3376 551 6313 780
3490 334 6519 437
2544 688 2918 769
2416 518 5813 1205
2546 301 4206 808
1686 69 3965 291
3304 362 4884 1217
1194 1307 5906 1467
2353 21 3239 365
3227 2 4520 594
4786 341 6167 947
4555 583 4774 1553
987 645 3088 723
1168 426 3205 968
2143 1020 4613 1384
1674 219 6849 923
3026 181 3088 854
2212 777 2415 930
4439 653 4580 900
3902 630 4440 1505
4603 573 4879 1512
1019 759 4587 1112
1228 298 5960 1053
477 449 4574 796
2668 770 5789 1093
1666 700 5783 781
240 366 4844 1527
1760 515 2693 1155
1002 371 1025 634
261 508 5679 586
1981 331 5119 1478
2077 970 6304 1544
196 1259 1879 1499
3402 1019 4729 1526
811 39 3442 783
235 289 3139 1161
2486 496 3403 821
280 12 6904 317
2164 217 5559 488
1984 718 3585 1237
2686 888 3274 1346
1121 9 4291 952
1995 166 6404 1490
2806 589 6379 1217
2244 1166 6999 1571
4538 1013 4687 1436
844 751 4613 1358
6113 1278 7094 1492
4291 853 4350 1406
150 1039 1780 1340
2467 451 6268 592
1080 246 7092 1438
2339 25 4452 186
1635 860 7085 1308
1206 552 2602 1278
4724 757 5561 839
3755 423 4619 554
1643 48 6523 948
2701 54 3506 1127
715 45 5688 1100
3234 191 3958 325
3880 52 4973 446
1177 752 4205 1123
1314 1031 6932 1185
1422 1258 5608 1272
813 47 2298 452
2208 862 4767 883
2188 792 2629 1068
3685 1020 6359 1050
1422 140 2617 1219
3178 68 3753 161
5033 562 5751 1184
3727 911 5348 1342
2268 49 7011 1152
1266 262 2652 1011
3296 426 3947 953
2504 268 6299 1541
569 318 1791 1136
2103 253 5410 823
1111 252 4581 908
1621 472 2469 1204
167 1090 4564 1391
1311 257 5183 1257
747 1214 4498 1285
1305 365 2439 808
1207 372 4542 872
6134 351 6576 832
2000 831 6698 1360
5929 403 6869 998
2682 146 5460 1046
4156 539 5408 1149
2373 357 4885 549
1389 743 5809 1522
239 57 5537 299
1440 559 5226 816
297 990 543 1364
3527 360 4741 733
3339 776 4667 1206
4088 311 6210 1167
1329 254 7103 575
2386 251 4767 471
2271 58 4090 422
3850 237 4460 1006
2284 26 3373 546
537 420 1022 566
3892 530 4191 905
5695 85 6985 1348
70 655 4841 866
1154 882 1189 1437
4737 263 4766 710
2483 399 3911 846
592 618 2667 701
1205 518 2200 809
1879 839 4112 1395
492 434 1097 634
669 1042 5835 1213
920 554 1625 923
870 1098 5965 1412
312 8 4621 46
3617 41 6815 1517
3221 593 3818 1489
2684 668 3188 775
3769 567 4858 745
2478 321 4637 1500
4880 578 5199 782
2124 587 6040 949
3831 441 6418 1260
1047 125 2686 582
2125 513 2959 921
4314 95 4323 1484
2683 250 3700 315
3152 390 4023 1176
3044 1075 6428 1529
4313 490 7019 512
4410 176 6745 276
737 1320 2508 1370
920 1073 3197 1196
3191 186 4555 748
685 547 3439 1383
252 537 3633 1268
1677 100 1752 1419
5448 408 6809 718
2267 493 3642 522
4063 172 6166 1500
4085 775 4709 1082
902 979 6502 1525
5955 534 6149 1310
3914 735 4195 1087
2171 644 3523 1024
3836 358 4015 1587
5935 3 6608 1329
1645 465 2578 944
528 343 7050 1527
1385 683 5890 1185
924 487 2056 1060
146 204 389 1463
765 1109 1693 1177
3695 882 6885 932
1263 230 1490 1470
5777 431 6731 902
1991 409 2207 1243
1335 1301 3769 1302
1621 36 1642 1111
3115 450 3854 652
4276 814 6485 962
1874 262 5815 1188
2321 486 3993 1004
2118 1237 5748 1250
4240 1111 4958 1495
961 98 2889 1418
5542 288 6372 578
4174 211 4312 1192
1280 211 4541 591
5230 397 5487 788
3165 580 3789 900
1174 211 1490 633
637 137 3332 1127
3603 1110 6775 1554
521 270 4044 925
1306 85 3026 1335
600 481 4747 960
3594 543 3988 823
1302 190 5277 480
1541 864 2901 1003
917 664 1435 744
665 620 3336 1218
1444 392 3435 848
2192 194 3915 1116
313 819 501 1574
2340 108 4952 1302
3900 187 6807 983
1689 159 2851 1102
2301 365 5517 1079
1334 53 1990 1078
3299 1437 5669 1580
1189 428 6720 623
317 643 2863 681
3988 556 4500 1389
4883 327 6983 1383
550 1119 3482 1507
3310 47 5650 1545
1462 871 5367 1580
72 735 1194 1140
4382 860 5978 1272
1534 84 5969 1473
1280 1469 3699 1496
1039 30 3563 61
900 21 2482 529
3841 610 4480 1179
3715 527 5760 1459
5752 563 6883 1444
1808 522 3509 645
825 52 5803 1288
1943 10 2579 135
3381 97 4364 215
1207 367 2839 1089
1076 668 4139 1220
1772 143 2820 484
4495 467 4900 1315
1361 585 4074 1135
292 572 2841 706
281 63 6855 181
1173 940 5290 1310
1461 1458 5698 1498
1030 105 5762 1249
850 486 6768 1589
3045 682 4167 1052
666 366 6513 1170
3253 652 4468 944
2417 351 4273 659
897 53 1892 755
6282 491 6967 1040
1738 39 2563 683
2762 274 5279 395
2649 1095 3195 1315
1121 754 1347 912
1062 1129 5395 1507
2071 18 4716 87
1011 435 1648 897
2709 177 5544 1480
590 81 750 1452
1228 4 6475 1434
2770 325 5898 1307
819 420 6116 1511
1785 762 2820 1246
3182 1059 4322 1285
2584 807 2992 1489
2740 1325 6215 1412
1067 267 4349 394
3728 173 4106 525
521 645 2634 1378
1247 1488 1589 1526
62 280 6023 901
3024 25 4268 107
3272 1420 6142 1519
4166 285 6245 1464
6310 349 7065 830
1876 920 3534 1540
3667 30 3671 355
860 851 5614 1174
1114 766 6982 872
1930 11 3372 348
240 1290 2746 1331
1095 642 1749 1124
2786 315 4688 869
3107 390 6078 686
1341 931 5107 1138
3555 1231 5671 1339
1402 64 6405 476
4186 173 6227 1476
4007 132 4863 1575
197 418 5818 677
551 246 4778 693
983 456 2573 684
5271 303 6783 1061
4600 488 4684 1002
2587 1431 6327 1511
6125 73 6276 774
3622 211 7108 1317
2285 57 2711 889
375 221 6388 496
371 381 5003 1041
1555 386 5305 523
793 517 2126 759
296 603 1536 1195
5300 60 5471 386
3093 26 4401 1514
437 1025 5509 1522
536 482 3609 879
3176 838 6292 1469
560 444 2545 466
2403 507 3490 1186
1314 339 2287 1554
4829 691 6726 1021
587 542 1117 565
1847 647 2523 1208
1457 519 3649 662
976 569 3553 882
1805 7 2168 1485
288 1204 4810 1317
2534 607 2777 743
1212 449 3381 688
613 466 3710 1293
1670 20 5140 1407
76 66 2324 1333
3329 791 5450 1169
2630 20 3876 130
3424 668 4811 891
60 228 5828 619
2743 790 5204 1470
2598 9 4607 991
5382 4 6976 336
730 342 6510 661
3079 441 5588 984
179 746 1419 1432
4924 647 6393 864
352 624 2276 1453
2804 706 6416 1348
635 311 965 526
5859 306 6495 378
162 865 1243 1581
3906 1043 6223 1542
3644 33 6039 828
1844 1054 3684 1300
3123 433 6281 878
4459 566 6815 681
1260 362 4405 1337
2501 589 5372 1329
559 117 3070 292
4257 462 5787 1349
393 743 3149 1231
3404 970 5273 1415
278 732 899 1038
4125 613 6706 716
3884 607 4527 678
770 645 2830 1379
2798 797 6523 1063
2626 246 6570 1529
1560 376 2721 503
2543 83 4253 579
2601 219 6783 735
928 629 1760 1286
3364 215 6520 1038
5134 289 5907 1499
3824 573 5232 1291
501 1519 1726 1550
2099 399 3065 1185
5279 216 5949 333
3815 568 4244 1146
3150 787 3809 1097
4464 691 6659 1534
4180 177 5745 889
1654 295 5709 1489
2426 487 5061 581
119 925 4839 1253
3072 766 5317 921
71 145 699 290
1300 1471 1944 1551
998 182 3118 720
562 3 4439 477
1573 847 5276 906
4177 886 4463 1590
3932 607 6340 1006
1870 1213 2604 1270
215 693 3221 704
6633 1003 7005 1146
2211 118 3945 612
1775 106 4753 1205
21 1375 3959 1392
274 705 4630 1394
3655 472 6842 528
409 244 3342 1018
1696 141 5642 474
2247 1133 6119 1143
2227 1297 6072 1435
3392 174 6487 348
2068 216 6813 1482
2736 95 6133 945
841 106 6249 315
1376 36 5598 1016
238 912 7134 1089
3908 823 6000 928
813 164 4693 1295
509 1512 2468 1555
1014 279 3405 389
1265 365 4597 603
1282 984 2817 1329
54 230 6072 1174
1688 115 3849 1290
2968 976 5999 1397
5334 621 5579 981
2318 120 3582 831
2008 470 3608 1350
2975 359 6176 565
1402 439 5162 516
622 595 2010 1393
674 436 2263 1084
2332 980 3644 1137
227 697 1140 1436
5659 911 5806 942
602 936 5166 1385
1892 58 4153 1499
1944 884 2700 1572
926 500 3805 637
3075 75 6019 298
750 269 1320 852
1933 76 2728 1118
2268 920 3788 1477
648 121 4053 1476
2365 634 6515 1108
6245 39 6255 1536
1373 598 4411 1595
2531 448 4755 690
2559 1134 2644 1291
34 13 4104 565
6153 777 6863 1241
828 507 1089 1479
1089 379 2952 1281
1850 417 1929 1293
2053 702 5226 1026
3648 599 3770 873
2807 258 3013 856
1466 1277 2477 1471
4512 262 6153 1394
1475 15 3573 289
2734 19 3113 646
4731 545 5479 745
1859 1151 4301 1463
5666 1216 6271 1571
1130 388 6906 1169
2479 407 5133 1043
5671 704 5702 1468
2666 860 2869 952
2029 733 3551 1233
4876 1199 5460 1499
1150 185 6060 1069
5580 171 5744 502
308 149 2373 761
594 488 2182 733
2203 184 6199 868
2954 174 4216 1185
1093 247 1265 357
6700 368 6851 1284
828 556 2706 1192
2039 535 2148 1478
1836 289 5663 644
834 602 2858 1123
1461 145 1683 237
3414 981 5786 1362
2152 328 2877 1437
378 282 2914 631
371 17 3128 1065
506 763 6803 1267
1297 15 3963 845
2357 264 3155 1428
3565 251 4468 1068
125 148 3006 796
3515 557 4047 1264
247 1135 3363 1281
363 8 1831 1382
3499 135 3512 1464
883 93 6071 1140
3897 389 6307 980
3632 338 5626 1304
651 754 3525 1031
2609 449 3907 1298
2267 545 4796 877
474 277 4985 608
5379 647 6633 766
4409 384 5885 633
1684 352 6083 462
1749 1034 2304 1206
390 158 7036 1369
712 436 2958 1153
2813 135 7014 959
1764 237 4377 1297
795 51 3999 1079
486 814 537 1369
827 919 2637 1329
1789 969 3126 1352
3367 688 5303 745
658 560 5354 1492
3190 38 4569 428
1056 1386 3873 1392
2641 418 3465 760
15 468 3142 1264
4616 12 4763 562
253 831 4981 1473
529 312 1542 677
431 438 3911 1528
2494 764 3662 819
295 244 6408 1285
1561 68 1766 877
3383 1315 5267 1549
3171 1256 5265 1378
2777 543 5353 1335
1804 704 5007 1233
2801 348 4839 675
3149 127 3931 642
1735 564 6575 1181
234 52 5997 1285
5533 40 6511 1522
638 1029 1104 1184
3499 668 6793 1474
2559 244 3516 805
390 541 4073 1182
1081 424 2458 870
4176 336 6614 385
4709 867 6605 1358
1188 537 4775 970
1955 486 2395 1359
1061 1115 4402 1202
67 533 5379 865
4038 27 4645 271
1152 640 5566 1021
1604 161 1613 1239
6183 323 6970 731
834 293 1687 466
972 511 6732 923
1061 389 4216 502
591 165 2174 918
2795 939 3539 1231
848 1026 4935 1503
5668 699 6977 954
1348 53 4656 1316
4110 517 4886 1364
921 177 2286 623
306 57 4865 1446
1949 502 2339 712
1738 131 4395 631
393 429 840 751
3123 1178 5600 1182
2459 375 6687 717
1983 71 3421 999
603 630 868 1293
1595 612 5809 1014
899 302 6027 914
4 34 4831 1194
833 569 3194 1379
818 31 1176 348
2902 646 4558 1256
1827 164 2095 457
2436 153 6123 909
2828 800 6569 1387
783 209 953 875
2910 772 4407 1484
1104 300 1269 802
4450 1237 6680 1466
5108 1066 7054 1140
4546 1242 6036 1505
2527 16 4679 861
172 184 3861 856
4293 832 4729 1588
701 45 1569 62
4432 59 4781 949
2783 1134 3062 1497
1499 998 5704 1569
904 113 2960 1383
2384 1013 4389 1036
3176 1517 6039 1566
5497 318 6278 591
44 244 736 1586
1873 992 4133 1462
427 734 6366 1367
469 891 4004 1077
1317 736 3425 1267
2966 276 3285 957
3991 16 7078 1544
4082 31 6794 847
243 1118 413 1349
1588 5 2154 404
2491 21 5900 504
115 48 2462 557
2872 471 6395 1518
6345 361 6416 926
4595 307 5083 897
699 228 4873 909
1137 1001 2473 1513
589 731 3481 846
828 469 3907 1452
3824 336 4430 1548
2152 202 6790 1332
1921 34 5262 159
2286 392 6450 1082
205 43 2747 1560
147 701 2150 1583
757 214 4936 1291
2393 1066 4102 1173
1360 684 2237 1207
2401 424 5221 1505
4678 222 5302 318
823 306 2350 695
3223 465 3936 1102
685 388 2352 768
1008 222 5700 872
786 379 1831 709
1561 96 5815 1122
2338 23 4905 1368
4402 815 5439 1472
5981 746 6957 1418
3575 803 6508 1571
694 39 5602 1580
1234 523 4970 1384
664 185 870 350
794 1329 6814 1490
4685 812 6049 1079
359 596 1622 775
952 680 2536 1151
1650 417 3240 1581
511 28 4281 1061
2124 651 2134 1483
464 686 6380 931
3544 465 4603 1015
2710 885 5033 1041
2144 429 6386 1094
2082 664 6040 704
2720 672 2829 948
319 727 3278 959
2472 1018 3695 1203
690 278 2641 968
1031 184 5098 1197
2101 275 3993 581
6803 369 6922 1135
2803 340 4433 671
1714 79 6808 459
653 1041 3900 1112
4299 38 5474 51
5044 654 7120 1130
4361 853 5658 979
392 825 1250 871
3641 786 6584 801
910 27 5058 339
2576 594 5780 1414
2892 592 3374 658
1752 974 3418 1326
4113 44 4638 1330
6476 461 6924 1493
1403 15 7016 1080
873 319 3474 1538
1521 73 2365 274
1663 33 4746 142
1511 1390 2312 1500
2894 73 3561 800
1727 1367 3156 1392
109 793 2293 1492
3461 1054 6533 1495
3122 310 6108 1062
1617 191 6492 648
1971 323 2775 896
5479 242 6613 1283
2215 82 3493 1172
1272 105 3626 713
2477 260 5794 1421
1072 184 4127 1405
2894 891 3050 1504
2279 695 6263 1046
367 1019 6344 1288
1634 418 3788 481
619 762 5429 1562
5464 592 5745 1375
2892 1192 6179 1562
2688 182 5441 514
735 569 4651 1550
4490 346 5861 1476
3872 132 6943 1039
932 264 1041 367
5333 579 6254 1451
3350 855 5381 1361
4426 448 6377 1299
1167 227 7075 342
414 1108 4470 1332
3424 1010 4628 1300
561 1235 5954 1458
395 422 3319 1332
71 751 3039 1527
74 1010 3100 1264
1485 72 2078 1581
211 194 1308 883
4961 798 6532 1080
571 311 2399 1393
2774 524 2892 619
411 627 6057 648
1578 253 3632 1141
257 571 5497 1153
834 722 4548 917
390 583 4645 1321
4205 18 4737 446
1786 762 2775 851
1431 251 5414 784
259 255 1258 451
1645 61 1919 205
4169 719 5727 1037
1100 690 1417 1396
3350 138 4958 715
2632 357 4950 782
1672 223 3106 893
6107 926 6425 1180
3034 351 6353 1126
428 388 2914 1255
2835 396 5868 1387
1622 592 3314 1202
2388 297 4998 984
526 652 3960 1418
4547 18 6002 1536
6288 617 6951 1401
1380 1020 6090 1466
5343 725 5361 1380
1007 671 2402 1109
1718 430 6296 445
2798 347 3937 1325
5751 1269 6239 1469
4225 266 4447 1373
493 650 2888 1089
1472 1033 5447 1517
1924 513 3646 1274
2359 204 3637 1537
3909 736 7122 1064
251 908 5446 912
3875 855 6778 935
1148 119 1379 1475
468 795 6443 1257
3167 63 4039 785
1557 255 1662 587
4101 782 7132 1237
956 466 2969 1503
4763 299 5958 393
2203 1132 5456 1247
1354 507 6484 1054
675 1190 6593 1520
5071 1013 6348 1401
189 18 2550 816
1250 289 6205 555
1765 191 3377 952
1849 242 2789 1513
2625 184 2737 258
2411 160 6148 385
4200 405 4781 631
337 127 580 394
4142 327 5893 1319
1296 263 2791 1234
3485 155 4718 339
2893 334 5660 926
277 1067 1292 1085
3650 98 4479 1514
24 123 4585 1080
1215 77 5189 607
2051 911 4032 1120
3212 263 5420 624
779 112 1016 149
271 1075 5698 1333
1779 651 5971 732
1853 460 4905 598
2225 357 6889 658
791 994 6210 1399
5035 452 6407 1052
2314 939 2954 1288
3925 1325 4730 1520
2384 534 4631 648
1104 385 5412 466
5323 23 5857 807
2642 937 4635 1195
4418 446 5346 1418
1543 368 4907 1474
2583 656 6722 1307
3867 1315 4227 1367
2076 5 5150 1258
3391 134 3705 410
2271 586 2821 1260
1228 485 6081 1404
2840 845 5628 1518
1092 567 3820 878
1772 731 5131 1559
2511 727 5139 1177
3236 543 5432 915
893 577 2952 1584
346 10 6915 37
111 1167 1401 1259
979 40 4040 1391
1298 854 6349 966
2078 359 4545 1468
2874 402 4239 1208
57 708 5890 1380
2518 150 7059 384
1404 688 4587 932
2908 811 2994 950
253 454 4969 865
5105 817 5532 1032
51 339 3693 1216
2907 546 5960 875
246 245 2865 601
211 350 1922 587
3818 420 6858 1071
