1184 4742
3214
1692 530 1779 968
2954 592 4284 1055
3108 250 4648 1096
1816 594 2802 868
882 2 2743 16
512 533 3352 973
2301 118 4378 334
3593 131 4158 332
1029 66 2094 665
1353 144 3880 1174
4034 73 4430 247
2545 577 3290 817
767 854 1269 911
3079 511 4444 621
1944 172 3954 443
1584 239 2725 738
2328 1097 4126 1117
670 386 3521 518
1125 528 1182 1148
2155 271 3935 1168
994 104 3767 708
2383 20 2539 279
1413 198 1496 347
858 615 2981 773
2871 156 3112 911
467 62 2867 201
2336 522 3894 588
1758 902 4031 1092
3288 18 4201 771
360 184 2864 694
670 370 801 973
1395 226 2047 332
2159 406 2298 1125
295 756 4092 957
546 94 2481 1041
3947 475 4267 652
2225 54 2295 568
929 401 3379 883
573 875 2049 906
1779 335 2222 601
4196 1 4208 451
1024 374 4049 962
1019 34 4089 1123
1585 90 2058 873
1493 737 3630 1003
2901 262 4008 921
587 822 4574 1083
768 391 1628 1123
383 571 570 860
3356 201 3965 994
1554 18 2551 248
3273 648 4382 679
1516 326 1860 948
896 456 1032 1030
1651 230 1807 412
646 396 2535 985
352 333 1858 728
349 450 3546 1016
2269 43 3068 1154
2791 524 3631 1168
1341 105 2246 1089
693 209 984 241
1948 532 4054 807
3377 53 3956 371
1463 368 2686 1133
1043 293 4093 497
1123 683 1221 914
1740 152 2801 321
104 84 4252 250
2655 856 4092 1009
2259 241 4687 471
1138 570 3820 873
2793 571 4464 916
3525 553 3951 932
1437 455 1827 710
2837 573 3666 1049
1392 86 1934 701
760 95 3059 501
837 39 2958 245
836 211 4184 1138
3242 377 4360 978
1039 263 1456 906
2222 191 3085 298
1203 26 1686 521
4085 395 4701 415
3413 403 4501 993
1892 393 2815 861
424 282 2575 391
1913 140 3544 213
959 630 3563 858
1534 496 2336 917
344 397 2366 579
1934 8 2423 251
971 531 4520 676
1089 689 1136 1062
2631 64 4156 772
2737 194 2988 768
696 720 4646 1068
856 223 2440 847
1584 349 2096 849
2101 264 3790 390
2801 740 3386 1068
729 858 2708 1060
1988 212 4063 1131
565 17 1873 203
800 121 2758 203
3538 576 3854 886
1472 348 4487 399
5 664 1525 964
4191 768 4571 1099
2303 48 2679 1178
1355 316 2790 1063
4 63 1127 1058
2375 408 2589 928
2362 146 4548 154
3185 71 3856 1169
1942 973 4539 1135
4521 576 4733 731
157 257 4086 908
1089 142 2802 464
1508 328 3168 535
300 642 2475 998
730 10 3855 85
2744 189 2844 586
457 568 3892 902
2912 563 3722 1180
385 688 1995 1029
681 135 2148 987
2913 458 4288 574
271 174 1440 310
765 503 3982 586
1525 316 1664 1160
973 734 3126 788
931 449 2720 791
1670 51 3519 161
354 250 3633 899
715 602 2433 721
1347 168 3331 981
2396 113 3200 304
569 662 2462 972
892 145 1602 886
818 29 3825 1159
3500 432 4091 682
1592 257 3094 705
458 21 3232 1059
2646 174 3194 883
2583 463 2640 1152
298 847 1442 1088
309 442 4504 1110
2728 318 4671 679
318 355 1894 721
2088 468 4366 842
591 39 2888 921
1166 273 2402 1008
2546 42 3801 721
2079 737 4091 861
216 32 1361 1178
1475 157 3803 428
2981 752 3205 838
1363 266 4604 760
532 554 3021 1095
2156 471 2170 503
2265 538 4151 1052
3312 354 4674 698
635 1046 1103 1056
1107 594 4650 912
2034 4 4291 649
1453 636 3507 1155
2793 462 3757 1102
2778 631 3488 1088
2715 664 3937 854
1177 362 2311 880
2182 628 2899 673
421 116 701 555
2622 677 3547 774
824 385 2953 642
1058 564 4030 990
1876 386 4698 874
78 695 311 894
468 851 2195 1142
2902 116 3208 562
3033 188 4655 788
1922 241 3336 301
3410 466 4414 877
1246 274 3798 688
28 7 2729 534
3130 805 4469 981
2679 115 3227 709
38 370 3927 1030
1662 98 2061 547
488 626 1683 1062
217 487 2783 989
3020 507 3575 1056
29 647 4698 755
71 1061 653 1064
474 212 4393 227
3268 16 3888 718
1157 157 2034 977
1905 124 3805 300
1946 393 2453 1048
1217 141 2088 1155
1418 129 3612 467
58 55 4199 295
3713 987 4214 1114
443 873 2973 1116
948 374 3439 486
990 276 2484 331
2261 330 4072 988
3370 432 4283 477
89 14 3786 76
8 562 325 811
1819 243 3422 913
2143 297 3633 693
58 392 2028 597
1469 417 2148 1066
1262 908 2167 1111
3440 837 4373 1153
696 214 1521 933
1029 11 1433 687
2084 596 4162 1152
382 560 1791 617
502 226 788 258
328 530 3526 1035
1714 96 2720 552
3470 558 3517 954
1007 939 3784 990
2837 64 3518 581
2346 798 2419 980
4294 262 4591 1056
1364 89 1637 196
2078 506 4024 523
1201 278 2978 751
1450 599 3776 1038
2169 513 4140 562
2265 45 4498 770
1359 197 2639 590
888 103 4108 143
2135 596 3847 871
1060 888 2051 1180
692 185 4052 978
800 306 1246 729
773 208 1882 248
3868 126 4369 361
512 823 2204 1099
1136 579 4577 1045
1016 233 4403 548
120 13 4665 651
958 456 3673 1057
78 584 1518 644
3139 306 4151 937
1003 1036 2599 1168
996 617 2050 744
1263 930 1584 1145
1631 92 3818 135
1318 392 3189 763
2972 691 4006 1115
2980 612 3653 819
1141 893 3121 988
3410 260 4114 380
4097 117 4183 316
3307 391 3334 1034
1102 872 3829 965
222 579 1402 1057
1563 577 3337 875
144 396 1977 944
3172 618 4068 1098
982 601 2569 649
847 810 936 935
1407 540 2967 1037
390 700 1370 1152
384 823 2288 1012
172 35 3753 687
521 210 4303 505
62 1040 4730 1066
152 498 3422 1152
3955 671 4680 994
749 184 4466 1180
1864 120 3045 358
15 589 3300 604
3459 160 3826 977
895 270 2476 710
1566 264 3207 308
1013 232 4559 856
442 139 1629 838
985 301 4294 947
3099 242 3789 947
477 194 2093 202
1932 386 4557 1173
696 410 4130 846
2210 129 3234 490
1058 458 2039 819
717 266 1917 1031
210 166 3399 408
1796 738 3466 862
605 302 872 1080
2534 975 4625 1094
2427 650 3803 876
3828 169 4163 493
3262 541 3600 698
517 267 1789 551
1094 776 3635 1175
3427 671 4397 704
619 1031 2531 1182
2712 175 3040 716
2338 721 3029 732
1870 770 4270 843
1060 774 3116 858
1946 52 3535 78
1114 242 2458 672
1524 130 4373 496
2633 22 4494 613
365 318 2992 699
1237 260 1712 923
2629 346 2970 519
591 248 1475 1007
1013 169 3334 554
145 59 3022 555
2544 579 4087 582
2992 97 4254 310
1149 21 2840 395
139 122 291 801
472 370 3293 653
1271 909 4044 1167
3155 128 4665 436
303 146 2238 955
558 154 998 731
701 210 2124 791
120 439 3228 617
299 214 2746 730
1627 140 3646 302
1468 55 4182 1016
2333 583 4258 686
1868 587 3060 1099
2222 350 3156 582
1825 240 3772 912
2135 662 4372 1168
1081 850 1461 1151
1479 418 1503 672
25 10 4144 1158
1350 45 3263 569
1175 783 1941 1027
1685 103 3408 448
1254 308 3500 602
636 612 2292 705
851 615 2660 772
2017 640 4035 806
24 657 561 1182
1880 98 4275 629
937 26 3924 885
1810 96 4318 559
181 854 2140 1069
1926 400 3319 509
1755 74 4358 293
1669 480 3324 789
4250 139 4476 882
85 732 642 764
3295 374 4179 968
339 268 2703 735
518 365 4441 449
140 986 3834 1106
1550 940 3256 961
1652 91 3625 294
757 42 4045 670
1835 253 4343 637
555 166 2429 586
1965 692 3390 791
2481 657 2937 717
2165 123 4198 1176
239 804 4035 1106
2598 296 3229 369
2637 178 4096 816
333 269 1127 990
3788 488 4517 715
1147 712 2370 887
1038 714 4358 827
3258 721 3340 1026
287 367 3209 746
594 576 968 1101
1261 542 3475 1051
705 791 3498 1158
1537 239 2522 650
2037 438 3940 961
2077 66 3127 464
562 47 1661 331
3025 43 3062 283
2910 282 2923 820
3245 894 3359 1089
56 288 1716 415
2358 779 4578 870
599 538 1086 778
80 406 1922 1150
1699 258 3196 312
169 352 725 845
3410 411 4338 623
2568 754 3653 913
2952 82 3881 495
258 471 2675 564
1784 105 2256 267
2317 597 3475 617
3441 565 3753 845
423 478 4687 640
2402 989 3811 1078
2847 144 3572 869
225 404 1564 638
880 298 1197 333
3177 227 3334 502
929 709 972 984
3203 325 3555 542
2302 6 4638 323
3555 583 4674 1104
2276 246 2477 623
3438 1023 4709 1094
2177 92 2192 393
63 856 2397 1066
2750 29 2953 485
640 769 3939 970
882 252 3505 482
455 731 2541 1101
1668 700 1740 1064
81 362 2413 1117
677 966 4712 992
4117 34 4729 348
2889 630 3733 967
581 434 1811 538
28 857 3948 1045
2610 586 3323 747
563 370 4322 751
2269 187 2995 686
1110 9 2531 895
3117 292 4504 603
957 232 3777 407
897 230 4386 877
2733 435 4651 693
2253 266 2912 803
1483 294 4075 902
3417 130 4060 730
4074 477 4636 1120
686 379 1040 857
3588 364 4198 554
4560 500 4613 704
767 308 1179 1031
545 566 2822 653
194 283 2345 889
856 688 4355 703
1662 276 3420 544
3340 884 3597 1113
2082 127 4492 918
1430 318 3275 479
3555 744 4530 1169
45 515 1351 705
633 450 834 1001
1148 668 2344 918
2182 503 2979 902
1869 198 3435 885
969 199 2489 673
3462 230 3510 440
875 65 2134 1136
1152 374 3164 651
1349 457 1774 919
2337 945 4048 963
727 266 2393 830
3068 485 3722 743
553 381 557 774
195 576 607 743
212 726 689 1181
893 69 3667 134
894 81 2546 1010
358 727 4110 944
2495 280 3905 620
3898 776 4403 906
3525 120 4591 187
2097 354 2437 550
3312 19 3887 92
180 422 2048 779
507 871 2476 1181
1704 405 4625 677
4017 602 4088 842
890 559 4038 780
538 528 1829 697
1347 976 2278 1025
516 735 2157 1110
3106 722 3691 1072
1031 705 3785 1107
1933 884 4284 1066
865 342 4681 384
2928 484 3806 1108
1979 888 3196 1182
2477 445 3384 949
2943 356 3399 658
781 308 3569 1116
2493 587 2902 983
747 155 1840 518
312 693 350 852
3216 170 4520 945
104 921 3593 975
862 494 4249 910
1075 323 2421 1054
4309 610 4575 937
1279 711 2396 1078
1140 691 2983 930
4359 286 4730 528
4017 214 4700 795
1246 250 3977 375
218 139 4405 1139
2267 299 4223 635
1087 633 3896 1127
1315 150 1928 512
2701 627 4656 693
742 428 2927 1067
3278 492 4516 799
2660 120 2662 519
2278 620 4401 955
1991 385 3995 883
103 90 1580 424
3753 238 3827 944
3340 308 3609 408
468 274 4514 383
512 507 4590 1150
2669 441 2804 748
357 234 4041 255
365 511 3418 1150
3367 228 3691 477
1775 105 3198 1147
2144 365 2237 483
18 267 3749 1121
366 385 2060 683
1469 45 4722 803
1165 343 3418 732
70 442 4056 1046
864 594 4498 1114
1710 8 2564 880
2010 750 4180 886
1653 267 3656 271
4021 221 4295 1109
77 669 3062 724
470 538 4403 763
1481 845 1942 945
398 299 3625 776
843 197 1771 326
2008 48 2995 232
604 213 3837 1110
54 397 2703 400
722 439 4099 737
716 66 4692 349
2337 622 3789 647
93 767 1209 1093
203 502 2400 565
1696 602 4592 610
2379 440 4700 1077
2209 83 3112 137
1558 49 2085 869
1111 197 2921 285
1066 790 1764 1104
693 665 3286 1083
1362 151 4529 627
479 124 1972 869
2894 262 3665 1100
598 710 4660 921
2472 88 4134 610
1398 753 4009 923
2717 445 2827 933
686 963 4243 1036
154 802 4379 1077
3797 53 4428 992
3434 381 4290 1163
943 23 3287 799
1886 239 2736 740
2946 637 3360 849
644 1018 1391 1181
1809 149 3307 689
2366 910 3190 1044
305 772 4302 870
381 916 4163 1101
4051 155 4481 1014
2399 302 2499 901
624 739 1062 1078
3330 209 3372 422
3261 992 3419 1033
756 563 3074 871
1532 519 4576 648
2433 259 2674 617
288 290 4664 670
3331 956 3425 1069
1780 37 3583 663
367 537 1982 1144
2569 368 3481 1177
2144 330 4018 903
3934 964 4227 1072
232 417 2928 601
258 56 3624 508
390 249 3847 1132
876 314 2567 1037
534 107 2196 875
1218 346 2647 634
3359 10 4273 1100
1043 88 4617 1105
2425 262 3719 754
2192 575 3925 604
3889 620 4647 1067
2433 443 2773 1135
1848 563 2807 1153
300 166 4243 246
867 654 3193 684
2706 472 4486 1126
351 363 2070 431
554 429 2731 537
3713 597 4596 859
1411 150 2907 1056
788 915 1476 1130
145 219 151 916
1987 324 2547 711
290 156 1550 199
3707 103 4137 166
1187 26 2981 845
202 638 956 992
1872 608 3226 1081
1881 135 3640 792
83 226 4298 1181
69 519 4159 884
726 222 2837 330
2641 179 4021 880
1600 61 2038 1102
1070 114 1619 1152
143 180 421 880
980 707 2626 712
69 547 2274 601
2731 846 4537 874
672 117 4441 905
4388 388 4529 902
2617 692 3751 1071
1596 106 3096 595
1322 308 1699 628
1974 54 3432 636
3656 469 4414 1022
862 33 2153 947
580 208 4146 868
2904 828 3089 1081
8 327 2258 408
512 127 3925 943
691 380 1542 663
1150 120 4329 971
1891 231 4145 1073
42 844 3963 914
151 759 4694 898
462 13 4634 387
827 434 3165 445
3246 617 4048 1067
4273 406 4303 801
730 238 1000 928
594 111 4147 201
91 209 4457 212
3163 8 4637 1015
1970 124 3627 530
2198 794 3353 810
1437 66 3282 1024
529 346 730 553
2360 487 4250 572
206 30 2460 646
3149 608 4328 1052
124 72 1891 205
1691 477 2458 993
474 135 4680 997
1245 486 4507 991
1 416 777 840
239 590 3343 804
291 847 1351 1022
687 707 4489 909
893 449 1655 939
1178 851 3891 893
683 466 1074 903
2676 724 3696 858
2060 426 2173 682
1550 337 3751 571
580 32 1057 1058
130 30 554 372
2870 186 2939 280
174 501 3337 1120
2539 467 3334 1031
2935 228 2978 1098
662 264 2361 720
1467 59 2600 1092
1451 476 1534 1047
506 268 4630 711
480 76 3726 1132
1757 444 2242 479
2588 989 3312 993
1094 72 2931 1099
2763 697 4642 715
2036 373 3408 1031
4644 773 4676 875
1973 884 3871 1166
1155 1 1827 270
76 1161 538 1163
1870 1026 2482 1141
1448 171 3543 676
921 1139 3318 1142
60 222 2730 407
2448 37 4510 452
1937 145 2730 670
1811 1133 4613 1144
3333 278 3814 377
359 78 1997 583
3142 677 4245 1036
3093 734 4360 1175
40 725 557 1057
391 14 1960 224
2824 988 4413 1037
1573 9 4611 867
3714 223 3833 477
311 88 616 430
618 834 4322 839
98 103 3164 628
1646 416 4157 787
2577 310 3579 922
418 251 4440 423
3063 108 3687 359
605 503 4443 916
1929 3 4210 504
1785 134 3283 929
437 292 618 867
1285 713 2429 911
1998 670 3216 799
2678 562 4155 695
1205 751 1814 1179
531 368 1817 636
1765 414 2370 647
2248 367 4193 716
1645 588 2876 800
773 34 4161 662
832 277 3535 369
2067 4 3028 875
316 407 3262 714
1973 36 4378 492
2203 92 2884 1015
2873 661 3475 768
1316 608 2117 1018
1962 255 2071 260
1743 182 2715 679
537 133 3026 925
3183 117 4236 148
1663 127 4073 614
2181 240 2648 965
1371 593 1445 885
2018 228 3982 379
2790 315 3016 556
1800 374 3145 792
411 467 1316 929
3790 135 4464 361
3539 130 3646 347
3116 410 3746 833
2313 482 3546 602
2623 170 3898 898
1704 162 3322 1076
1662 179 3936 473
1638 37 2502 1134
1547 537 3309 911
2336 236 4601 378
2422 194 3956 530
1662 160 2566 777
818 261 2254 429
1964 401 3452 749
1297 225 4358 261
2362 700 2540 1045
329 130 4190 285
1601 629 4688 1084
28 34 2740 49
271 501 2276 551
3231 29 3767 355
1020 1086 4398 1108
397 85 3845 1016
303 569 2023 804
655 283 4713 459
3144 790 4134 889
1065 1007 2884 1143
911 375 2237 718
810 392 1969 1149
1266 333 2527 561
1937 158 2751 497
1604 701 3343 809
1695 434 2449 1020
554 169 3979 647
2157 569 2198 578
2315 294 3378 494
2450 488 3832 779
79 611 3429 1170
177 154 1409 355
1215 512 4047 863
3627 330 4608 989
1311 131 2880 159
995 165 1199 1121
461 159 645 603
2221 725 2587 773
312 443 1511 1068
1902 801 4352 935
721 593 1806 804
690 874 4411 1013
2128 182 3699 416
716 263 3913 1005
1945 140 1964 1176
2227 866 3568 998
1236 223 1528 963
265 405 2460 714
2721 258 3988 280
1770 157 3605 298
618 421 3977 664
2158 277 2325 419
696 148 3679 1074
983 660 2697 1019
2207 161 4629 1047
1102 1093 1846 1133
3147 337 4216 619
2107 259 3250 845
1583 130 3436 259
990 268 3816 914
838 933 1320 1161
221 502 1143 999
1850 94 4378 729
229 398 3884 803
1600 234 3151 739
356 988 452 1100
128 329 1904 855
2941 222 3468 1083
2118 611 3309 1064
934 388 2038 415
470 625 3315 1120
1263 291 2034 297
2244 772 4076 952
668 253 1365 1059
3486 110 4235 943
897 881 1313 1160
1127 347 2577 629
2050 219 2265 471
1251 467 2745 962
1798 173 4301 454
937 55 1269 801
2106 143 2466 186
986 97 1585 778
527 235 2184 1089
2273 680 3092 737
2204 326 3206 435
4288 247 4345 700
28 803 4610 851
3921 220 4346 247
717 314 2289 441
1226 774 2390 1142
1124 105 2951 955
174 167 3854 418
2982 94 3606 234
1579 216 1845 835
601 306 4116 947
3045 298 3593 818
282 149 1433 183
4251 906 4561 1110
2162 191 4509 721
2589 386 3983 861
2943 21 3425 282
941 188 2780 802
2267 204 3747 517
1981 570 3682 906
1976 717 3421 888
1943 457 4578 605
3307 228 3564 347
110 320 1115 828
1821 848 3038 878
1365 526 2725 731
886 192 4169 393
2072 579 3297 918
505 434 2625 476
1537 839 2001 918
1830 45 2143 181
1759 443 3650 1171
1336 646 2917 671
1669 110 2490 354
1637 413 4402 1024
1902 431 4623 1118
105 664 2752 1055
2616 278 4355 704
3901 6 4024 932
2388 19 3040 916
944 549 3921 880
3547 205 4213 244
1952 937 2045 1076
340 290 2581 653
983 204 2792 1093
3742 898 4575 1056
3921 289 4401 358
1537 285 1869 313
909 454 2162 887
2177 957 3487 974
2769 285 4453 413
756 423 2556 583
3257 90 3901 433
371 258 4612 685
1756 460 2803 475
1612 828 3210 942
322 31 2536 333
1120 492 3831 500
3084 303 3124 787
212 566 1054 614
551 165 2376 975
44 410 2000 917
1516 523 3460 592
2879 20 3957 161
2297 916 3677 960
1971 797 3259 851
1530 99 2332 450
1622 246 3698 1138
2481 221 4305 385
1144 1090 4173 1168
1521 107 1634 424
2126 731 2246 780
2008 743 3417 1053
1527 432 2347 473
585 582 2819 1040
1369 210 2282 976
2421 476 3885 733
939 853 4496 881
1303 44 1598 980
838 358 2165 871
775 562 2390 698
1440 120 2300 451
108 20 2671 1039
3775 11 4268 239
98 272 3502 322
483 605 1916 831
2483 708 3723 973
267 140 2757 271
453 202 4475 499
2996 550 3725 819
2459 356 2957 376
175 160 2815 513
1085 211 3474 938
1716 453 4298 640
2821 707 3925 1010
112 241 4086 365
3103 103 3751 894
2413 514 4408 1167
3715 686 4471 802
121 358 2968 735
1687 446 3368 1033
1688 437 4467 506
120 104 1005 1079
70 185 83 495
386 112 698 645
1313 412 2697 1174
1961 331 1999 1095
2734 758 3684 1026
15 232 2113 346
2204 630 4180 1045
1419 626 4664 1162
2303 106 3202 221
110 581 2394 824
1779 245 3667 569
568 466 3050 1052
880 7 3615 706
764 266 4040 850
307 915 1218 1144
1776 995 2003 1178
1948 217 2236 756
1811 623 4263 671
1140 834 1959 1106
1385 156 2742 668
1301 310 2084 369
951 43 3358 252
1283 245 3548 742
1225 471 3912 539
66 221 184 236
1131 258 2046 949
2118 277 4402 638
492 288 1001 541
1580 237 1863 376
758 29 4375 501
3967 229 4381 713
58 41 1949 610
998 412 4436 1103
600 136 1325 704
2301 598 4730 648
2432 54 3832 696
92 286 937 402
3015 1134 3475 1183
653 992 1173 1107
3868 6 4689 723
3926 742 4577 1054
2777 90 4505 631
1924 113 3834 881
1240 471 3503 965
968 953 3943 992
2737 201 4741 895
1678 701 4717 893
876 161 1742 393
1049 360 1374 634
4176 560 4422 915
2886 713 3440 743
2681 859 4150 1019
2834 311 3652 441
4158 736 4212 1140
409 278 840 671
98 69 1929 1035
1143 114 2624 740
30 811 252 1025
3743 295 4617 945
3149 307 4518 761
1825 267 2996 411
576 439 1025 616
1406 672 4615 1103
3298 215 3953 835
1911 885 2947 1115
128 742 3676 1015
3225 423 4263 964
3425 425 3600 485
2096 294 2368 324
2583 682 3180 1104
135 854 3864 935
3526 175 3933 938
434 553 1367 664
1898 791 2398 912
182 920 2081 928
4400 264 4482 1092
1104 66 2733 265
1775 7 1813 1007
2027 14 4364 1151
621 548 2700 758
2887 722 3205 902
265 75 3776 525
741 308 4615 347
3150 117 4046 769
2324 67 4093 1144
3049 126 4380 355
76 430 3970 897
865 2 1463 143
467 738 3666 995
89 91 4271 551
3194 828 3273 996
1247 24 4478 1156
2105 394 4410 831
1148 53 4668 760
258 268 2523 359
1358 164 1872 360
2649 191 3274 697
562 159 3720 341
580 332 2816 463
901 931 2048 1133
2361 693 4174 816
474 125 498 620
149 274 2564 1175
1210 838 2599 1076
561 256 2249 1025
507 720 3547 1007
28 806 3711 939
416 247 1139 359
1754 98 2704 445
2910 282 4622 1163
145 472 3698 1002
1461 226 1561 811
372 751 3349 865
152 802 1479 1167
827 664 3823 760
1220 558 3323 587
2063 346 4724 878
885 472 2476 538
3042 180 3876 280
3390 96 4102 948
756 183 3347 895
2548 1034 4405 1073
692 61 3330 556
4584 176 4629 319
2253 675 4286 715
71 62 190 1088
2557 769 3572 1016
404 115 471 299
1659 698 1944 968
2371 346 4622 819
3695 863 4150 878
75 495 3192 1059
2632 561 3047 754
805 375 1395 515
2024 884 3014 931
466 568 2483 1093
1203 130 4023 1026
1272 2 1565 535
3691 322 4508 1064
386 177 2793 736
981 1018 3806 1116
2526 183 3582 736
3280 807 4673 881
2568 219 4493 806
436 260 3650 1032
869 19 2802 151
2852 256 4112 306
2268 699 2796 898
27 27 839 700
1998 183 4677 621
1916 114 2075 153
1714 5 2176 371
2982 135 4728 1027
508 789 4260 865
1135 405 2645 703
328 749 711 1175
1602 40 2157 302
436 303 3640 674
108 12 594 436
1438 921 4092 1114
2271 98 2700 619
2529 2 3079 1094
28 292 280 732
1572 299 4394 429
462 874 4618 1081
3196 54 3809 1112
1989 666 3963 973
288 37 874 478
246 249 2928 910
524 37 1147 207
2153 272 3298 854
102 53 452 1171
280 840 3836 1030
1657 450 4277 1098
119 962 2816 1166
3012 15 3966 232
948 805 4254 963
1214 327 4378 960
2208 51 3788 708
2021 93 3447 1094
2824 680 3665 927
1395 637 2348 955
1203 678 1984 806
1255 238 2053 817
23 102 3463 665
64 262 2654 1100
341 69 378 797
2729 2 2781 857
270 360 1512 407
2004 70 2480 1184
478 347 4283 942
1142 912 3273 1051
2117 7 2460 1140
600 140 4441 1113
360 49 3002 101
1484 505 4138 774
3648 378 4270 619
414 64 920 867
765 540 2702 1117
1757 269 2882 701
1007 582 3998 648
542 89 1037 888
4401 708 4612 993
710 548 3903 1115
2894 333 3159 955
3549 35 3633 670
2441 140 3330 639
937 177 2860 253
1735 185 4624 846
1782 103 3170 190
2009 556 3771 1009
168 76 1867 1183
4114 256 4183 410
1989 167 3511 584
560 829 2814 850
1912 419 3152 803
1363 159 3585 854
513 659 1742 1118
2760 427 4318 613
1901 246 3635 1118
716 472 2650 946
2886 442 4368 867
2948 910 3461 967
518 759 2356 1164
1654 247 3950 659
2843 852 3473 881
3092 312 3720 341
632 217 3907 783
1452 712 2976 832
2451 652 3155 847
1826 708 3683 1097
921 836 3572 1136
136 681 4280 1037
887 124 2697 789
231 515 1589 930
1903 714 4567 879
1812 827 2484 1065
2208 644 4352 661
2289 288 3980 839
1147 391 2137 897
2151 259 3847 324
563 298 935 1019
1398 44 3359 122
2004 237 2418 904
1021 44 3707 963
1039 665 1594 910
3136 20 4596 351
721 669 1259 1140
1887 1054 3480 1168
365 372 4463 1086
3713 456 4210 1081
2185 14 3845 832
703 823 2783 1024
1574 7 1922 879
1603 279 3764 683
1363 302 1416 944
400 330 1773 786
2356 405 2934 721
1466 727 1616 944
3688 968 4367 1003
3238 145 3613 1022
3042 239 3150 389
2723 129 4330 1090
184 785 1992 910
1714 374 2875 585
3995 731 4718 1016
114 796 2446 1099
3183 532 3965 608
488 253 1539 998
786 871 4731 1004
374 588 2495 922
3274 312 3615 684
1224 422 1761 739
1566 391 4171 896
255 130 1111 686
2636 312 2812 1066
1005 981 3128 1169
79 879 2105 947
71 205 1258 878
721 286 3415 319
1611 344 2426 433
2106 304 3760 612
1185 733 4399 792
523 1 3603 202
95 8 4377 415
1450 338 3550 574
1755 627 2207 1023
4210 155 4411 321
3365 152 3588 408
4124 492 4455 637
1967 66 4572 705
1226 146 1317 1039
411 36 3730 530
597 493 3944 738
1415 887 4697 932
3185 37 4583 231
991 477 3824 815
1817 788 2369 866
1171 427 3333 576
3027 318 4646 532
51 231 2802 252
1177 564 3050 827
730 431 3191 663
2206 279 3520 588
4548 271 4586 447
1687 448 3635 1099
4075 910 4197 1008
1762 33 3521 79
1617 53 3337 842
1700 139 2203 1107
67 133 226 446
445 550 2200 710
1424 439 2715 527
1012 593 1067 903
1060 648 3461 674
1012 79 3300 1083
112 419 1188 597
582 357 1442 777
3076 102 3579 221
1862 1036 1872 1070
1579 92 3005 617
196 44 2359 642
614 21 784 651
540 409 3992 1142
1305 926 3771 1154
2597 806 3397 1063
1297 530 4573 1059
3835 33 4659 955
789 679 2747 755
85 19 4319 745
536 703 1239 1170
1458 482 3295 1136
2177 125 3040 1000
198 176 4367 988
3779 8 4086 992
2662 668 3326 1159
1553 399 4495 773
1295 115 4721 926
330 853 1580 920
1330 877 4048 947
480 333 1257 396
1408 354 3514 411
828 869 3942 1097
1416 136 3137 1045
1789 505 1897 653
1257 250 3569 710
1218 87 1529 778
227 211 3494 888
384 426 1084 1153
1579 542 3926 750
3272 18 3872 836
3400 54 4281 325
1406 536 1581 613
3092 851 4121 1090
1433 107 2783 1173
1927 662 1929 939
2944 224 4298 683
909 27 1183 273
2483 198 2708 235
11 675 201 939
3556 392 4692 961
2541 281 3958 907
1383 48 1769 841
1336 230 2815 1005
552 160 3113 969
140 333 2247 607
999 281 3084 884
1241 285 1862 584
989 246 4124 1031
804 56 2446 1058
1110 272 1190 493
2233 128 4098 1010
190 380 1366 410
2787 755 3477 937
1652 356 2062 471
661 100 4202 779
3116 154 4450 333
1091 1025 3277 1159
391 516 3481 791
1790 625 2015 700
213 101 3202 796
358 143 1882 574
993 606 2875 622
3582 261 3682 1050
1047 267 4727 1132
341 287 4265 1151
242 383 4557 994
649 547 2595 945
2309 160 3733 762
1883 387 2310 1002
3305 207 3954 864
571 653 2765 853
4027 187 4734 385
1942 612 3961 873
1996 351 4649 389
1530 191 4512 440
2563 352 3135 464
712 286 2321 561
2121 498 3120 1025
3895 173 4537 699
126 211 328 757
1188 139 2028 536
1619 173 3651 995
2364 766 2487 968
3783 150 4662 479
4253 767 4702 1024
722 665 3903 785
750 584 4274 700
812 926 3069 1132
2319 143 4155 451
2478 546 4708 820
490 571 4671 1015
1802 576 4633 1080
3245 203 4234 933
1620 2 2708 577
773 331 2730 1176
2793 84 3847 541
1635 99 4035 422
953 181 1487 721
3113 647 4072 707
1264 319 2542 554
2566 60 4736 885
2855 465 4193 606
770 253 3896 538
1936 240 2004 768
1701 233 2789 367
1352 17 4602 191
23 36 3220 281
2182 310 3257 1026
1035 55 2176 571
1100 63 4363 380
4066 501 4281 697
2367 235 3221 746
1092 208 1957 864
4169 120 4665 844
2758 17 3944 972
63 187 2666 411
331 40 3776 795
308 390 1743 1013
2838 332 3223 622
160 502 822 953
232 402 3727 1037
176 695 619 699
3257 484 4704 1141
1008 832 2791 978
3536 115 4485 193
544 321 2953 507
144 25 1598 1073
259 378 4620 725
239 296 1278 590
991 310 3646 1046
591 23 2310 105
1614 370 2529 745
4420 122 4560 956
417 408 1731 761
207 250 4594 916
996 303 4603 343
1026 284 2261 1162
398 106 401 1075
1889 377 2669 460
2901 83 3595 944
104 429 4693 779
241 341 3374 1073
1254 128 3470 662
1256 566 3475 1069
176 111 2317 750
2798 13 4318 78
138 619 2436 778
2469 299 3235 302
3306 203 4091 1087
458 105 3886 517
1421 892 3262 1111
630 234 996 363
2389 93 3664 433
3029 216 4245 313
1283 88 3740 297
255 818 4028 890
193 179 4694 585
1917 139 2641 973
689 814 3165 997
3909 226 4077 620
2811 837 4587 1056
1887 178 3202 929
555 215 772 515
1839 191 3653 976
988 347 3668 771
1291 344 4358 541
1118 979 3646 1045
944 276 3453 298
3079 294 4551 688
3156 257 4576 973
502 352 2728 782
702 872 1865 935
618 230 2177 922
2627 369 4568 450
208 670 1843 1090
777 217 4604 698
1037 644 2388 714
3626 228 3989 1007
120 492 4557 643
3096 408 3657 581
734 9 4464 937
4498 4 4592 639
2595 196 3208 809
1977 299 3979 1107
848 84 4728 266
3249 452 3698 1039
3204 115 3650 1049
376 698 1209 976
141 421 4131 608
2648 33 3302 565
1734 201 3536 789
1888 123 3458 405
1068 125 4301 793
3891 261 3937 1016
341 10 2721 907
2611 390 4533 607
1746 822 3517 1169
445 589 1748 781
60 395 2054 1080
2736 808 4671 1136
1171 61 2723 875
703 802 1635 1086
595 460 4006 879
2039 883 4279 1163
1093 38 2304 548
413 166 856 1179
2091 287 4429 398
355 243 1731 467
586 479 1116 641
896 115 3558 283
1026 692 1823 823
1512 811 3231 889
1144 290 2983 827
197 245 1586 1125
2263 360 4292 898
158 247 1491 403
1348 382 1351 1075
1358 1083 1638 1147
472 436 3672 900
1129 88 2499 1169
395 904 2062 1127
2663 129 3879 660
3471 844 4395 1119
738 417 4145 499
3238 665 3552 976
2480 687 3647 1113
296 331 4089 487
1101 746 1697 946
2239 262 4419 428
1691 90 2753 872
2421 540 3662 1125
1650 340 2788 384
4294 525 4311 526
2232 302 4108 806
4571 676 4697 932
838 569 1977 693
3852 105 4202 332
1108 113 1711 864
1505 132 3850 726
3888 86 4051 900
495 804 2593 1040
452 50 1640 632
3730 707 4717 1158
1627 145 1653 156
2031 819 2324 1110
1489 565 2656 1021
3691 839 4271 865
1418 74 1659 173
574 13 2613 1176
3799 93 4288 222
1258 157 2252 490
492 319 4047 876
1221 146 3135 618
431 204 3914 234
2436 245 4636 260
2936 285 2950 860
2943 286 3723 1153
4558 582 4631 848
2064 168 4685 809
1919 576 3201 662
1560 98 3990 798
2493 606 4035 974
3750 936 4033 984
3816 380 4339 438
3364 501 4347 539
1244 293 3559 902
453 87 3575 1184
1015 1042 3708 1134
3676 41 3775 794
2115 82 4280 754
944 161 3804 297
482 165 1504 1100
531 47 3335 91
175 852 2685 1173
867 825 3090 1136
240 128 991 952
1224 933 1367 1011
1794 541 3766 689
2316 200 3139 320
458 430 2201 504
1250 824 2074 868
269 217 1849 1002
436 333 4688 459
756 138 2425 483
874 328 1060 580
1908 279 1912 802
1911 37 2853 262
2904 913 3043 1040
2790 367 4080 871
394 520 406 766
1904 160 3680 979
359 834 3134 1104
1523 10 1864 1157
2886 63 3997 345
2343 655 2433 946
3372 291 4142 687
3091 517 3885 963
1260 538 4394 776
2067 550 2492 707
1433 222 3884 950
1471 335 1996 420
2608 62 3087 795
2344 439 2527 741
3289 651 3940 830
356 32 814 450
2511 66 3113 1129
330 214 3444 918
1470 38 4625 766
1867 622 2309 1081
2046 147 2420 855
2032 245 3621 758
1755 477 3099 570
1916 477 2217 1016
3512 65 3725 842
2495 68 3199 679
3266 63 4213 980
1521 1088 4607 1116
921 156 2059 900
74 704 1040 1182
1464 207 3317 284
3467 740 4537 811
3503 640 3924 1079
1524 868 1666 946
629 302 894 674
2345 751 2739 882
2028 267 2775 1051
3361 337 4208 884
2376 288 3746 852
367 262 2744 1020
127 470 2886 519
2449 591 4268 718
229 645 4082 1093
395 202 1472 891
895 378 3432 596
561 224 1445 976
802 66 2339 1122
1007 25 3649 196
400 275 3682 634
216 214 4391 474
1044 368 1466 1027
1689 327 4553 627
2327 33 2572 425
1370 43 3467 452
77 761 3285 945
5 221 2742 914
355 228 2991 722
2266 33 3977 606
2292 200 3671 242
1530 635 1776 980
1020 240 4416 471
3873 150 4035 508
1738 697 3833 765
298 384 1307 970
1054 733 3598 750
1926 416 2131 1147
711 517 1257 522
444 308 2165 544
501 564 2541 930
3076 1038 3773 1084
2490 775 4673 849
289 122 1163 867
377 142 4429 427
128 468 2764 703
1427 479 2611 964
3959 332 4032 493
875 465 4598 662
1984 292 4677 354
2333 210 4369 527
1874 921 3990 960
614 317 2080 757
1214 209 1525 965
724 493 2845 727
1630 595 2591 1179
1676 357 3621 773
600 327 3004 815
1746 172 4360 1139
1243 120 2413 244
1540 402 1995 434
261 102 3220 496
1245 936 2274 987
1135 417 3271 866
1217 167 3666 585
1502 898 4423 1000
461 878 1128 1142
24 196 3752 963
1830 826 3737 838
1209 9 4534 922
370 1032 3748 1034
2957 216 3509 337
2053 212 3157 659
1063 236 3004 1030
2439 966 2746 1017
1093 287 2359 860
537 38 4196 337
1272 151 1468 819
409 420 3806 601
1729 87 2166 760
428 63 2829 803
828 99 917 732
922 403 2483 812
678 415 824 440
1699 13 2092 75
515 455 2993 1079
3584 309 3703 674
2011 182 2292 974
1694 13 2408 577
212 298 2768 788
282 289 1759 1045
1729 623 2690 1052
2420 843 3398 872
527 562 2646 989
589 316 1887 754
1098 142 4182 780
221 457 4283 690
519 340 835 1039
2203 613 4576 1102
2443 921 2762 973
1643 298 2654 366
581 863 2246 1164
2973 224 3441 629
3813 1002 4384 1047
2395 203 2608 368
845 953 4145 994
1306 59 1640 139
643 395 4322 688
739 312 1343 416
406 119 2139 334
3599 5 3999 404
2558 264 2697 671
2150 131 3027 378
3103 316 3719 412
2604 750 2886 1042
39 173 1613 266
501 189 994 452
696 304 3780 408
1231 552 2666 868
638 185 2559 260
996 319 3924 787
2087 628 2327 629
1611 214 3502 345
2166 192 2615 1067
47 47 4272 1109
513 901 4552 1157
62 8 1640 564
935 291 1704 401
1154 54 2862 178
1500 34 3207 795
198 536 4732 748
910 841 1264 894
3822 57 4516 1113
1376 44 1830 971
254 45 2301 430
120 1117 3538 1181
1663 632 4368 697
2289 679 3184 863
1888 137 2591 775
1123 125 2004 415
693 153 4087 1057
265 93 3917 835
43 399 3525 712
151 513 3034 1087
2664 63 2693 733
924 67 2173 1169
483 66 2283 1152
1321 673 1702 888
921 808 3663 1059
2551 113 2835 325
2391 805 3673 893
254 450 822 853
1661 29 4532 669
1374 5 2386 593
568 14 2431 476
3449 76 3597 354
861 122 2211 158
881 72 1520 991
120 233 4684 931
2336 560 3802 926
3 9 1007 1103
1553 125 1651 638
1053 330 2910 718
1782 22 3410 788
804 475 1527 658
2513 351 3685 485
3008 466 3049 816
124 139 4086 522
415 395 2001 1086
1104 516 1545 848
1041 178 2014 747
3305 375 3861 872
825 64 957 477
540 596 2540 1162
1135 739 4085 757
1449 318 2428 670
703 434 2812 843
2784 369 4314 961
3661 9 3810 605
2825 413 3386 768
323 119 837 833
3424 76 3842 1176
2866 333 3769 622
4297 65 4575 691
2536 5 3823 829
351 701 2121 935
1570 445 3757 618
2664 191 3979 339
2357 53 2902 536
513 358 4323 735
2087 212 3393 616
3942 139 4227 960
3920 210 4655 376
509 415 1680 923
428 815 2320 926
2005 789 4644 826
1392 212 2293 695
939 58 3257 730
1284 543 4168 686
470 309 495 926
2677 233 3723 762
229 239 1631 533
892 613 1392 741
2326 408 2409 941
1240 279 4513 365
74 30 617 671
1936 468 3887 646
3449 566 4480 676
2203 452 4520 635
1810 716 3387 806
3826 457 4736 644
1275 772 1908 1055
592 85 4150 913
275 686 2230 998
1954 738 3801 1140
924 586 2977 712
1838 856 3300 1012
1297 220 4591 313
894 291 4048 355
770 630 4251 643
426 956 4152 1095
1556 287 2357 775
3223 299 3689 389
1051 73 3964 769
3174 253 3862 1056
3305 775 4546 1107
2400 138 2916 1179
3547 219 3598 923
2205 900 4742 1094
1420 251 1973 777
1586 1088 2760 1144
2091 25 2341 153
3524 274 4691 1101
662 372 3466 706
1341 228 4431 342
3075 320 3263 1069
85 359 1677 1093
2913 517 4609 538
505 668 4590 802
3009 106 4297 784
905 519 3884 828
251 306 2483 482
2719 512 3463 533
897 162 3977 1097
108 566 4604 961
508 251 679 843
2523 146 2803 1121
1960 74 4194 201
742 355 4116 631
2760 417 3214 581
2695 423 3185 1120
1172 211 1608 623
1212 1041 2572 1164
2002 115 3819 630
1074 217 2576 428
2599 313 4582 529
1014 665 3303 1017
2688 263 3449 311
1356 333 3584 978
733 488 1800 599
1399 833 4420 1131
405 420 2702 500
2336 74 4438 220
2353 283 3800 537
136 279 1425 1094
1892 603 4271 622
147 319 2330 942
3439 136 4395 975
71 236 2400 714
1345 391 4283 988
795 9 4148 923
1147 984 1461 1092
1421 790 3790 820
1626 370 4701 837
380 242 1431 943
3085 218 3201 572
1243 38 3009 100
4513 387 4563 407
1678 487 3815 939
806 198 2473 430
2298 256 2515 616
571 397 3182 1166
207 148 1631 791
2199 193 3912 1131
3154 81 4184 935
2585 98 3405 556
300 100 3743 185
2811 593 2973 1053
124 76 2624 766
1679 78 2412 213
1804 564 2998 1094
63 765 3261 846
3898 71 3899 1097
406 435 919 538
1613 76 3970 778
3035 196 3687 307
923 88 2069 453
824 219 2570 355
2305 738 2759 1054
386 541 1227 869
2778 125 3545 902
1193 69 4327 547
805 818 4276 987
1412 481 3782 863
3400 386 3455 1040
414 976 1508 1166
2211 148 2440 889
1130 81 3424 464
683 258 1119 445
1358 154 2982 375
2114 543 2157 947
548 539 3110 1118
920 5 2521 277
474 2 4093 15
275 209 464 511
520 634 1717 1054
1056 13 3141 1160
2620 841 4104 876
1831 5 3850 304
1260 419 1439 975
2965 1101 4250 1174
854 363 1031 830
835 23 3785 289
2082 248 4570 608
1629 575 1910 919
3403 346 4727 586
343 294 4036 418
1697 328 2004 628
301 495 2443 1072
710 611 1302 1011
180 149 3587 1154
2701 398 4116 482
502 248 2197 600
409 54 2642 443
426 536 3952 1119
1134 193 4618 1029
722 488 3550 1012
2007 385 3187 965
1583 80 2499 460
330 784 372 1088
2503 200 3210 974
846 964 3993 1061
418 671 4422 1142
2847 145 3280 622
3974 468 4268 664
4 349 802 877
9 224 1442 1014
1482 45 3650 827
2917 502 4109 926
3522 972 4671 1137
872 318 2241 1139
731 756 1683 1061
431 263 1075 920
1637 771 3648 1040
3230 505 3494 1054
1358 602 1845 1133
1077 139 2934 787
350 182 484 743
938 427 1518 944
136 249 1442 875
1318 580 2253 1054
1149 478 2319 881
1625 173 3606 1154
1410 293 4517 922
1800 514 2464 606
104 13 420 717
1690 576 4325 643
1529 745 3777 1092
11 133 4520 484
911 537 2458 823
698 905 2163 1123
2555 138 2684 405
1932 25 3433 309
512 718 3732 1141
306 106 1019 624
1346 95 3917 361
1558 191 3574 803
2393 127 4051 870
691 441 2148 806
3676 534 3937 866
2244 252 2963 666
148 439 1792 721
1994 672 2269 1006
967 800 1522 1058
1211 304 2244 364
288 828 801 1090
1245 764 3993 1021
1394 501 2518 707
983 217 3629 366
760 12 2560 1101
1282 374 1711 827
3105 132 3867 232
2061 68 2706 612
1740 519 1880 964
330 130 4530 486
1284 993 3425 1168
320 291 508 720
1800 619 4516 859
206 926 3058 1075
1071 217 3809 734
1129 665 1482 767
2242 120 3860 580
1180 493 3416 977
1188 226 4199 432
333 180 4034 1077
1358 557 1795 1170
184 193 1893 768
791 234 1727 616
147 612 612 1172
240 633 4147 776
503 361 2839 705
1423 432 4112 602
2494 193 4170 216
1208 297 2004 1067
849 441 2832 885
2957 20 4455 473
37 671 1981 1180
1574 60 3825 366
514 650 3683 1075
750 344 4311 659
3850 232 4249 939
1665 574 2000 631
1388 274 3046 663
117 810 1394 1133
1573 321 3197 1103
1409 579 2505 1157
1655 898 3327 963
1446 34 2315 1058
806 571 3824 1068
2085 592 2530 707
1793 401 3533 785
2926 19 3850 1072
1526 69 4483 707
2462 108 2897 190
3887 142 4266 645
1957 432 3677 1110
1036 393 4014 1116
2097 721 4383 1068
164 256 202 1001
3789 588 4609 1107
718 21 3179 252
1346 40 4225 216
2974 295 3595 368
795 390 3445 1081
2410 818 2685 939
28 450 4373 865
477 412 3646 722
1829 524 3429 846
2025 88 3094 229
822 306 2914 360
114 415 1499 483
382 522 2551 1110
125 345 3730 744
2663 522 4118 843
1864 285 3779 998
1470 121 3719 780
499 261 1097 1141
1481 166 3043 513
1465 271 3426 788
2137 123 2821 1183
1562 330 3063 1043
2275 518 2801 989
1048 890 4002 986
1612 963 4386 1006
491 117 3616 421
1170 651 1421 846
88 259 2401 454
685 204 2857 1168
3507 718 3623 726
347 210 1529 780
1251 264 3718 492
2611 75 2775 1090
4172 32 4500 716
2353 113 3072 1103
2777 430 3442 696
777 34 4400 468
1262 662 3271 751
1685 754 3996 1153
561 487 3893 523
565 890 805 1007
238 414 2328 738
3736 898 4147 1065
319 647 776 995
1045 8 2247 495
1567 65 2976 175
1284 355 3778 563
1456 46 4029 176
1865 428 2938 872
4565 480 4622 486
3379 88 3948 1137
3343 125 3999 773
250 1015 3908 1115
2173 527 3528 774
1036 496 2944 933
491 314 1660 910
119 114 3451 463
1744 657 3511 1182
6 192 2704 268
2069 213 3793 557
1329 882 2696 994
1659 570 2647 811
883 33 3280 991
622 259 4647 734
4124 293 4183 665
1630 178 2834 983
1217 941 3755 1110
340 693 390 931
620 229 4433 1161
469 919 2951 1111
3448 328 4626 990
3458 563 3974 740
1155 34 4671 567
2598 407 4427 719
3784 400 4322 909
1850 30 3975 1077
2729 515 4433 749
2150 962 2567 1152
3980 4 4608 405
2687 299 4031 945
322 166 1480 1152
3020 514 3571 722
752 906 2683 994
629 455 1513 894
229 618 2154 1122
94 35 4499 972
725 586 1628 638
1516 429 2185 1137
2289 446 3395 949
3273 280 4194 397
78 283 2773 613
3069 321 3308 987
4236 314 4295 468
1568 371 2508 500
2004 563 3305 1105
1371 293 2224 811
1627 278 2756 537
3615 664 4642 816
2245 402 4270 533
3744 271 4620 636
269 272 3773 473
1741 111 3196 298
203 229 3346 1014
742 150 2975 233
2773 6 3507 6
2542 194 4483 779
3249 179 3454 607
2929 271 3108 559
303 473 1041 850
959 511 1430 1046
435 211 3723 940
1130 138 2760 594
430 82 1097 583
2817 219 4081 361
1406 27 2378 471
2319 52 4382 1077
33 239 200 439
1796 256 3965 939
2317 747 3217 1075
1508 183 2745 1056
4445 118 4602 497
2619 714 2674 1012
549 953 2637 1181
208 288 3544 793
4454 288 4573 1130
405 294 1012 1126
2467 366 3017 700
2185 879 2647 946
1017 442 2255 841
2333 389 2356 420
1268 158 3791 208
1055 78 2795 401
1213 36 2380 1025
1106 616 2101 991
1030 327 1581 331
2342 399 2779 921
656 453 2245 989
2722 292 4307 339
306 405 3543 949
790 120 2845 1012
1116 428 4711 1148
1629 291 4278 936
1940 236 4657 666
1531 473 3395 900
45 95 216 591
2013 171 2220 715
340 90 3889 607
1645 715 3586 1060
1556 100 2343 544
3036 523 4609 895
506 468 1094 898
2950 524 4035 837
1172 370 3177 746
3255 134 3828 434
51 422 798 744
2389 427 2670 781
2123 257 3989 488
219 526 3606 868
3137 688 3428 1026
2797 106 3772 1001
644 84 1888 422
3416 368 3438 732
1915 774 4454 880
120 523 4049 971
466 217 4263 683
2062 49 4094 389
330 135 786 740
2377 19 3392 512
2180 826 4443 1022
1777 477 3271 741
1777 433 3959 1105
295 420 2784 1143
487 327 1756 673
1472 828 2759 1063
55 656 3072 736
810 1 2714 768
1261 72 3359 1054
61 946 1717 1176
244 386 1233 1056
867 425 1327 430
821 580 4100 800
779 445 4015 1165
969 419 3977 1165
142 481 1992 620
1092 201 1432 491
2620 270 3489 838
2378 241 3544 246
2011 152 3690 288
896 542 4654 1130
2248 141 3177 590
595 217 4239 772
1321 12 1610 476
73 696 1837 1082
1384 50 2748 639
3408 118 4170 490
1644 604 2655 883
636 281 3098 908
379 450 3212 740
1447 297 4237 924
1827 72 2699 1017
4228 382 4335 1011
794 141 4323 962
636 104 3265 213
913 142 1897 1119
515 616 1435 673
115 314 1277 1154
446 396 3811 782
1381 586 1912 605
2218 43 2649 84
1077 688 1213 752
889 65 4722 846
1005 732 2803 1125
1839 835 3335 995
149 390 4559 935
1968 89 4721 146
1565 439 3838 1140
4222 443 4688 979
2052 402 3927 897
2412 86 3217 141
390 858 2447 1025
4050 296 4316 867
781 260 3876 290
1707 192 3925 425
916 698 1350 773
819 347 2890 562
4287 428 4478 684
992 43 3552 482
22 166 2231 644
2894 360 3905 511
943 67 2067 567
336 723 1923 1135
727 713 3849 1031
1832 450 4019 937
417 746 3980 1044
377 571 3311 800
419 284 420 293
2082 208 3890 796
608 756 4281 1156
409 944 1118 1016
985 669 2113 754
3222 874 3973 913
1485 165 4426 211
1161 130 2270 282
161 793 1001 1172
1806 668 2600 685
1775 923 3625 1141
274 151 4114 467
322 31 2388 718
2347 776 4069 1122
1992 501 3567 574
267 150 301 779
231 204 273 915
1369 142 4731 416
1048 673 4081 914
2426 800 3239 1111
8 581 3433 1043
390 498 2542 695
1518 92 4299 613
1513 211 1519 520
2327 227 4053 1157
2492 588 2545 671
131 514 3573 557
2501 100 4019 445
1676 220 3108 1061
1597 589 2660 988
1436 979 2025 1053
3169 776 3374 881
557 662 1073 736
419 723 4581 1151
1256 728 3275 829
331 509 372 1018
2459 187 3661 413
1320 643 2675 853
2243 145 3246 289
3047 110 3246 766
7 920 1317 963
1267 30 2372 849
397 570 1875 828
694 14 1836 91
2242 1007 4478 1088
993 48 4557 599
1249 263 2040 526
2639 81 3350 273
763 291 1546 578
753 801 3340 1140
2798 651 2910 758
2654 233 3305 830
2395 215 2502 668
194 570 1686 590
722 35 2066 584
1565 98 2500 106
1367 505 4271 654
310 722 3906 993
58 386 2779 484
1251 668 4011 678
1490 777 2100 811
642 213 3307 691
524 444 4112 552
425 592 4011 746
979 700 1789 1010
880 100 4343 373
790 376 1855 765
688 76 2547 700
1771 677 4713 736
1184 983 3738 1184
1437 84 3193 282
1655 256 3232 989
3270 452 4635 1126
424 385 4328 533
37 37 2358 826
328 582 2239 612
580 891 643 1144
2382 276 4102 308
930 891 1847 1055
942 285 3006 1127
1988 100 4704 554
1896 162 2749 571
1808 1138 2598 1184
3391 387 3719 566
662 234 3984 933
1248 96 3794 872
820 343 2890 418
927 1062 2999 1144
4200 578 4602 678
783 159 4576 1020
2136 253 4010 514
1311 522 2514 1146
2119 317 2483 1101
488 19 1150 661
403 308 1644 1061
2692 660 3901 1066
690 559 3282 889
1468 560 1883 1106
1009 643 3112 1140
2055 4 2499 1047
523 537 2107 921
579 359 1364 786
155 350 2047 558
2690 7 2716 874
2582 413 2961 960
338 140 3685 692
1256 911 3807 1050
2445 150 3929 1112
967 551 3512 1106
1972 248 3954 402
328 250 2135 679
1378 568 3575 880
121 104 2915 1104
2788 300 4715 315
1246 832 4013 1061
1321 799 4506 943
121 847 2286 1183
658 844 4579 1086
120 464 1737 631
1565 478 1649 885
3988 97 4729 330
1900 350 2847 1031
404 398 479 685
1663 608 1998 617
687 729 831 776
988 60 2527 1007
348 823 3695 1081
1995 50 3841 528
789 651 2467 1080
2027 662 2694 983
444 162 1359 504
1540 237 4568 676
806 88 1677 170
2113 139 3028 817
2320 653 3382 959
779 506 2500 972
995 844 1169 1157
531 561 1522 986
4100 218 4189 859
1886 66 2327 370
723 494 4718 820
1751 578 3149 811
1994 867 3961 1157
631 451 765 970
49 8 3956 894
2362 816 3122 899
818 302 1145 939
97 770 2611 802
1769 132 3909 491
1054 532 1581 890
2520 68 3909 1077
4438 593 4534 1177
2008 228 3095 363
475 618 2931 1032
177 259 389 693
2601 141 3618 419
3202 185 4227 417
1484 458 3526 550
4250 1048 4391 1105
1365 222 1395 587
536 648 3692 665
2157 321 3462 1017
719 505 3746 1160
144 477 4462 778
971 98 3936 817
2800 438 3680 907
763 935 4600 1063
118 204 1115 625
2827 884 3290 915
271 914 4335 1095
2822 454 3800 861
1139 618 1988 626
3241 555 4479 769
2281 383 2575 564
2238 120 4713 699
3233 427 4443 618
3850 938 4190 1098
890 433 1763 592
1085 239 1784 481
424 352 3521 636
1661 500 1755 1150
571 766 2859 791
1160 487 4372 772
2744 708 4402 862
2094 758 3789 928
68 169 3143 792
2061 147 2425 195
2654 1 4275 984
576 98 1233 531
932 279 1899 352
1647 323 3999 547
1365 160 1767 402
72 47 515 80
3428 147 3638 342
1118 4 4265 1156
1779 600 3610 841
1319 120 2709 880
80 55 2163 402
4007 172 4678 261
461 720 2871 1095
1723 495 4634 1008
508 315 2716 846
651 311 2596 1116
3752 76 3855 569
2166 319 2847 537
2830 1069 3987 1166
766 152 3551 1064
1091 723 4330 940
2428 376 2521 1005
782 458 953 967
1755 386 4236 1030
345 317 734 985
1819 270 3428 808
143 85 3333 392
3260 94 4254 98
1055 150 2020 359
282 577 4046 1119
951 514 2956 879
1129 905 4362 1039
3021 92 4220 584
3327 625 3906 898
1086 220 2084 1028
155 491 3254 1048
523 174 2285 207
2114 2 3308 895
1034 236 4737 974
1646 727 1774 1147
859 16 4304 812
124 120 3754 1125
1210 288 1304 530
335 315 4713 508
639 349 1327 661
251 1124 1927 1141
1279 37 2392 310
2578 552 3932 1181
1440 872 3860 1066
2385 60 2859 554
1388 824 4401 1005
2455 323 3948 843
2144 489 4274 931
2687 679 4285 976
875 228 1602 480
2917 117 2962 430
4198 133 4734 941
1574 649 1593 980
1951 846 2273 1050
707 772 1478 1043
3904 174 4642 522
1416 428 3484 479
367 534 2263 590
1070 789 1802 966
853 285 3009 659
3287 569 4628 1049
2922 107 4129 927
1910 600 2776 1130
693 185 2971 209
3905 448 4214 709
3302 652 3773 993
3672 125 3681 449
1300 104 2802 1010
1797 835 4565 1138
939 245 3058 713
578 616 1374 887
1250 354 1653 590
1026 5 4366 432
3310 119 4090 1144
1076 10 3868 592
2549 674 3739 1021
44 461 2492 490
2108 221 2391 435
3124 376 3784 614
2470 289 3627 953
1473 83 2019 344
350 647 1664 720
98 26 875 357
2525 756 2721 860
3188 641 3189 997
3262 770 3437 818
194 212 1589 347
1273 809 3065 1070
2253 22 3359 66
4487 678 4548 787
400 520 4152 1144
64 70 2070 664
1772 589 1801 1094
2402 334 2760 585
3688 323 4655 672
2447 1151 3425 1178
2768 169 4347 705
14 308 2927 463
928 98 4359 265
954 526 3126 746
2357 117 4100 250
3635 282 3657 753
1114 940 2741 1085
185 53 1813 890
621 498 872 993
2063 739 3458 928
1136 929 1446 1007
2892 505 4389 1142
1203 6 4465 995
3180 641 4255 990
1790 889 2053 952
445 278 721 595
1262 802 2021 1152
2962 28 3148 338
1585 151 2781 1128
1289 490 4406 615
1874 289 2384 368
2466 594 4716 689
1298 155 4303 912
2877 290 3248 341
2220 227 2257 516
3178 208 3277 383
1086 179 3571 661
253 118 2402 857
1607 364 3562 459
646 58 3475 172
3784 77 4720 377
2897 191 3670 203
62 701 1214 853
67 216 3388 450
1985 250 4011 513
1193 390 4503 628
304 400 1871 1083
49 70 4742 308
1002 295 3029 462
2404 705 3464 847
900 523 1819 904
1698 779 2531 944
1114 4 1491 131
1640 796 2920 1124
1158 374 1582 1127
741 409 1506 502
229 421 1868 449
2965 97 3484 1146
1456 347 2478 1119
2811 163 3069 450
1662 117 3351 1066
383 7 586 460
50 392 4259 1014
367 56 1161 1051
2628 273 4284 1078
2085 407 3790 643
387 79 828 361
4408 243 4456 373
619 452 1433 1133
1016 309 1114 1101
915 1031 2873 1141
384 627 4142 868
3746 507 4605 1105
3041 314 3729 323
3137 28 4450 736
1264 1116 3632 1175
461 259 3570 1097
267 36 650 857
172 135 2548 801
2611 142 3966 574
661 25 1109 362
1060 291 4568 625
3356 476 4157 889
433 71 3687 686
1300 113 2581 529
3984 109 4222 967
32 349 2925 854
1715 497 2044 527
1250 480 2323 699
4460 618 4710 677
2496 629 2667 1024
3055 220 4035 452
590 597 1189 653
2889 236 3852 1163
2246 563 3151 857
922 352 4492 453
1198 840 3383 863
234 230 4377 664
1790 325 2385 1158
1301 429 3036 821
4488 912 4489 940
3230 138 3524 460
2299 106 3779 410
460 120 2199 370
359 487 1649 781
2350 209 3881 1025
1637 70 4732 353
68 179 3906 443
2833 431 3631 433
372 828 4193 998
68 106 868 926
846 47 3342 944
1002 529 2718 1122
3361 857 3684 1088
1629 355 4050 886
878 357 1452 908
1666 713 3183 1141
1089 120 4356 306
527 316 3380 528
395 992 3116 1108
1461 317 1787 439
231 46 638 343
1867 431 3117 835
2962 96 3487 571
666 87 1923 112
1039 278 4032 999
1694 470 4692 999
2795 698 2843 991
134 131 2082 772
1214 692 1717 785
2266 265 3510 791
355 49 1748 1038
1086 268 4670 541
899 271 1998 766
3028 163 3560 1161
566 184 4145 1127
3240 62 4069 63
407 514 2525 999
2526 58 3022 795
2976 310 3476 1013
11 12 3093 394
680 122 3185 271
2360 1025 2814 1065
2606 391 4675 557
2698 578 3009 739
1448 184 4526 649
2697 514 2873 862
3726 324 4362 714
1131 428 2817 880
2779 785 4005 912
871 885 4434 1041
569 830 2810 1068
1120 202 3181 485
531 205 581 817
444 489 1819 935
1800 514 3179 632
2737 111 3572 1022
598 8 698 1021
1754 306 3537 766
1449 282 2202 469
1095 1004 1903 1023
3094 599 3505 759
660 118 761 161
288 183 4178 455
282 962 4347 982
2280 299 3531 603
2000 676 2610 1108
3105 133 3436 784
685 192 2615 328
1816 148 4717 686
525 187 3462 1033
1185 480 2262 522
2327 32 4288 1101
789 115 2943 960
1774 14 3469 96
1090 102 2844 614
2076 185 3671 352
3 255 3861 1004
2490 951 2708 1168
294 822 4008 952
1428 635 3361 1090
3593 620 4486 848
745 925 4423 1093
556 527 2553 819
623 514 4126 809
3146 167 3461 1169
1935 514 3415 783
552 906 2727 912
367 63 1954 375
2981 559 3797 641
523 52 1733 497
152 240 4214 632
258 126 795 945
3194 407 4391 673
3579 770 4514 1070
300 294 1813 536
604 847 4283 1178
1053 206 1241 883
3337 297 3880 1116
833 341 3594 698
140 168 3359 238
1857 598 1971 711
756 496 4115 966
192 602 959 1137
407 267 1231 732
149 461 1575 785
1645 198 2252 749
400 844 4251 1177
2225 487 4369 1096
277 634 1464 1148
1304 67 2126 590
1574 103 4222 1160
2373 778 3861 1076
2079 449 3958 598
3013 352 4090 1120
210 294 4366 1077
1455 612 2428 805
244 187 3908 920
399 340 2376 447
2956 600 4585 676
1093 133 1772 315
103 65 2616 1051
857 47 3071 1005
1774 97 3142 929
1095 90 3208 1052
463 371 1280 786
1432 1050 4683 1105
387 668 422 1124
1178 84 4219 521
3961 22 4058 168
1456 266 3185 299
310 244 4681 373
314 159 864 742
130 504 457 994
634 316 2116 398
397 517 4505 809
1171 109 3984 1013
972 171 1784 480
920 626 4252 1162
2115 328 2749 729
3098 492 3592 763
2458 449 3337 899
1182 631 2267 999
92 177 127 610
1365 728 1471 906
2579 146 3422 835
1849 134 2959 475
1357 338 2281 997
2160 274 2726 632
12 326 3817 523
3296 797 4334 1051
1474 160 2664 1056
516 483 1975 586
952 770 4696 936
685 919 4170 1181
1176 114 3872 429
644 219 1914 388
392 426 3931 905
670 553 1888 959
127 602 2305 1100
673 847 3075 1123
1380 340 3239 360
4019 176 4677 565
1482 439 2177 943
366 78 431 1065
1173 245 1400 868
1302 572 2965 706
3183 715 3484 744
2283 122 4692 518
1440 96 1671 507
68 109 1843 472
527 881 754 1005
2419 1081 4184 1160
2805 12 4337 871
524 490 4448 961
651 451 894 853
2747 65 3235 136
374 733 4728 1047
2671 439 4387 492
281 619 1463 1131
3292 97 3329 811
2364 59 4725 630
1547 161 3860 285
1856 420 2145 962
73 503 3883 548
1750 1156 3652 1175
1324 164 2580 331
633 756 2116 777
1019 248 1443 306
3088 681 4628 1083
2458 79 4594 600
2643 574 4085 910
73 929 4326 1160
3006 272 4336 493
207 333 4243 780
246 517 1212 960
918 115 3342 183
522 78 1231 236
1886 104 3368 1038
1137 76 1591 238
384 202 836 502
567 412 3244 815
478 352 2842 465
1209 917 3628 968
339 315 2732 1026
2316 127 4063 422
772 105 4389 338
746 363 1844 597
1591 258 3888 815
4135 339 4545 516
777 435 1609 788
4296 375 4680 798
3399 162 4558 430
2890 407 3006 1148
3532 498 3963 1140
700 460 2715 1058
2207 387 3918 1161
458 97 4248 1036
593 202 3239 290
3435 406 3812 968
2275 406 2312 545
2859 359 4495 1006
3179 381 3669 780
2079 650 4433 1003
1512 407 4278 906
3695 191 4035 737
980 845 3588 1153
1071 213 3509 432
3233 47 3736 624
1629 156 1838 1057
565 63 2305 561
197 155 2970 616
634 221 4239 996
3228 101 3931 218
1472 169 1623 693
2157 714 4061 885
631 101 4663 1142
2418 576 2963 1048
752 283 3407 627
3570 656 4700 826
1631 180 3307 840
892 901 2643 949
1231 147 2649 474
314 11 3186 524
2644 61 4263 602
685 58 4480 381
1138 610 2988 847
296 29 2682 924
1297 294 2250 602
1342 218 1542 808
501 500 3002 1175
2219 1011 3975 1165
1996 224 4097 710
93 175 4592 923
1039 652 1476 1056
2437 124 4264 643
196 971 997 978
3472 944 3761 1173
1484 236 2116 730
2046 481 2090 936
3425 450 3513 565
628 115 3369 271
482 1 668 842
359 31 4334 976
610 298 1964 667
794 128 1772 628
121 330 3870 741
2758 307 4117 847
2514 404 3606 710
211 21 4111 312
1906 39 1966 794
2584 294 3224 720
362 56 3285 688
1678 193 2812 1182
1230 138 4011 492
536 902 3921 1045
712 247 1625 424
593 485 1011 920
2861 616 4680 758
627 148 3937 880
1 31 4146 597
2963 973 4440 1163
707 3 1504 776
1925 1034 2578 1050
792 244 1592 995
366 786 4685 1071
2131 106 3312 966
428 661 3574 1079
785 98 3341 664
197 337 1933 954
4269 333 4349 785
745 550 835 584
118 164 2488 716
1660 344 3133 784
3931 270 4513 283
37 11 3549 1137
3004 634 4412 816
1152 299 1516 801
2393 543 3335 801
1737 453 1781 610
119 317 830 926
571 544 4506 965
1382 263 2634 1041
1996 140 3716 1142
1234 51 2704 162
1271 142 2240 601
1009 73 4325 343
3883 360 4244 441
48 764 2975 974
2328 1071 3393 1174
445 201 2361 772
3495 192 4425 499
2861 123 3504 144
127 21 3658 251
3075 584 4378 1126
1221 541 2401 717
771 628 4075 1174
1997 463 2735 970
1717 107 3722 684
441 758 3739 773
35 464 3936 809
3403 639 3419 725
1764 564 3349 646
3458 555 3532 969
3633 350 3861 622
2349 469 4105 733
79 450 3719 838
2370 830 2817 909
1541 566 2496 861
527 124 1518 168
1667 68 4650 784
2071 153 4154 565
2970 115 3369 1100
4068 462 4601 528
62 82 2546 638
374 98 3463 752
2031 186 2648 364
182 454 1439 811
129 337 3322 347
2382 344 4095 432
2790 171 3763 875
1172 289 3142 814
231 1047 1930 1094
1474 490 4390 760
628 55 2845 108
3760 6 4370 1060
840 691 3028 960
1865 1032 3140 1163
3983 350 4048 1025
1672 648 3934 876
245 773 1123 1179
940 509 2579 590
568 246 2490 773
1003 255 3638 256
40 33 545 342
4002 631 4017 902
510 99 4451 358
2015 508 3670 1025
2564 73 3335 929
2981 182 3649 358
1140 253 3538 960
404 141 2593 723
1177 53 3025 661
2428 32 4110 567
3233 82 3695 883
391 918 655 1124
2030 1031 2074 1122
1733 635 4644 777
1066 1003 4092 1069
275 281 4739 836
514 534 1408 868
1600 32 3673 818
502 286 2660 998
1039 782 2110 877
612 239 3861 1025
526 1029 3211 1040
15 310 342 1128
2466 222 3920 904
1036 273 3513 649
1296 489 3210 596
2304 724 3331 738
816 27 2712 1077
1667 373 4657 598
3872 363 3912 562
1967 434 4304 1100
1762 826 3483 1170
3835 221 4290 1114
1352 75 3486 446
1762 85 2874 372
3985 755 4271 1110
91 119 2331 695
525 169 2821 1062
1943 654 1947 922
2570 88 3127 869
660 402 2754 464
292 519 448 1148
966 975 1044 1022
3578 23 4214 32
1054 126 4615 680
2110 459 3186 685
175 295 2791 485
4490 449 4629 777
1419 34 3362 489
2246 23 3293 1127
2287 969 2800 1036
871 851 2379 854
1386 354 2904 706
2564 985 4739 1104
4118 943 4287 1099
270 424 583 957
1213 633 1982 810
1695 56 1879 1138
610 890 1084 1140
2 10 3835 261
282 285 3812 636
3456 33 4632 370
2114 766 3920 805
2132 587 2784 656
3189 222 4016 250
3791 48 4590 933
953 111 3154 795
1188 812 3663 1133
1424 688 1575 1155
2195 893 4498 1095
1746 331 2680 907
481 17 1630 683
2546 773 4165 854
1918 72 2587 808
851 276 2546 419
484 467 570 643
2985 596 4460 1168
2074 7 3010 966
3022 175 3856 1172
1285 150 4617 389
1480 939 4246 978
584 84 2546 920
335 747 1378 829
1277 608 4364 1145
1114 442 2403 608
3471 307 4206 1132
508 513 3118 1016
146 99 1042 1058
3639 341 4089 440
504 23 2305 705
779 458 3351 959
658 883 2584 1084
3638 206 4131 378
2299 844 3584 1149
2323 752 4482 1114
454 1153 4647 1162
1943 399 4232 460
14 158 1116 518
1108 664 1132 1077
3328 46 3931 668
1708 20 3933 871
2760 123 4599 832
1659 1010 3923 1107
668 228 2079 409
1869 391 2457 592
1585 356 2195 795
2851 558 3216 789
2116 78 3452 138
359 281 1920 1098
4128 390 4340 639
65 33 1894 121
1568 809 4303 1123
1569 402 2053 799
4267 313 4715 1059
2299 579 3832 920
2702 437 3902 726
1277 617 1447 970
732 2 1261 1045
3870 251 4298 766
1516 1079 2157 1104
743 462 2472 1164
3329 55 4220 529
298 432 1603 726
2875 504 4635 666
3090 751 3217 1098
2711 865 4223 1056
3487 49 3963 706
643 401 1442 620
1607 283 2294 614
803 110 996 422
1455 300 1614 1030
2186 519 3981 949
1158 417 2889 995
992 32 1063 628
2353 101 3442 114
1159 197 2728 1116
1186 1009 1717 1028
547 220 4636 405
187 400 3103 1121
582 860 3656 959
954 588 2736 1018
1832 205 3878 850
910 694 3858 1182
1598 957 4136 1059
2366 329 4456 351
1083 393 4067 1157
2787 243 4085 287
1114 208 1307 623
4251 190 4305 431
228 148 4422 925
2244 294 4429 950
1717 292 2873 743
2816 283 3822 494
1224 53 4647 70
3113 974 4558 983
415 63 3023 312
1737 155 2430 945
104 881 3102 1003
1325 73 4232 885
2799 159 3149 883
3600 234 4280 254
235 138 2544 957
3953 248 4545 931
1147 164 1878 238
2494 829 4073 979
600 131 686 300
439 872 3493 899
2369 793 4187 844
775 42 1815 715
559 118 4439 526
648 105 2770 1048
269 521 859 824
1582 977 3367 985
1103 288 1898 890
805 1031 4730 1098
2801 4 3288 529
93 329 4185 344
396 344 1746 586
1509 273 1716 1114
203 323 3823 1010
3187 222 3321 1037
3287 416 4325 813
2319 136 3892 825
1244 306 3720 703
947 287 2117 635
3184 377 4248 662
2440 708 3642 1090
2415 746 3860 978
1064 157 2188 899
692 157 3665 284
2322 627 2838 985
1514 213 2403 724
585 695 3447 858
441 521 4656 1172
76 138 4369 698
411 79 3189 346
2839 156 4486 641
473 589 863 607
3387 11 4105 789
3079 91 3529 498
1069 221 4645 825
645 798 3174 924
725 314 4164 665
483 562 3226 727
1260 272 4088 927
1980 200 4129 559
2799 309 3793 506
1356 864 1861 1069
3656 29 4577 702
1052 486 4672 721
3764 600 4095 621
3119 731 4157 850
119 65 3956 1000
3137 388 4024 872
2416 536 4085 1136
119 25 1808 641
881 858 3850 1171
1400 384 2370 1125
189 443 977 942
3750 360 3813 1021
3916 896 4108 1143
3491 948 3603 1123
42 92 341 223
3169 50 3328 783
305 8 3013 84
2639 49 2819 834
1007 243 2569 1180
3891 566 4170 1067
