3125880
4827995
4827995
4827995
7473185
7473185
7473185
7473185
7473185
7919839
7919839
7919839
7919839
7919839
8728881
8728881
8728881
8728881
8728881
8728881
8728881
9836619
9948679
9948679
9948679
9948679
9948679
10808963
10808963
10808963
10808963
10808963
11110286
11110286
11110286
11110286
11110286
11110286
11404206
11404206
11404206
11404206
11404206
11404206
11404206
11404206
11404206
11404206
11404206
11404206
11404206
11404206
11404206
11404206
11404206
11404206
11404206
11404206
11404206
11404206
11404206
11618849
11618849
11618849
11618849
11618849
11618849
11618849
11618849
11618849
11618849
11618849
11618849
11618849
11618849
11618849
11618849
11618849
11618849
11618849
11618849
11618849
11618849
11618849
11618849
11618849
11618849
11618849
13289880
13289880
13289880
13289880
13289880
13289880
13289880
13289880
13289880
13289880
13289880
13289880
13289880
13289880
13289880
13289880
13289880
13289880
13289880
13289880
13289880
13289880
13289880
13299660
13299660
13299660
13299660
13299660
13299660
13299660
13299660
13299660
13299660
13299660
13299660
13299660
13299660
13299660
13299660
13299660
13299660
13299660
13299660
13299660
13299660
13299660
13299660
13299660
13299660
13299660
13299660
13299660
13299660
13299660
13299660
13299660
13299660
13299660
13299660
13299660
13299660
13299660
13299660
13299660
13299660
13299660
13299660
13299660
13299660
13299660
13299660
13299660
13299660
13299660
13299660
13299660
13299660
13299660
13299660
13338174
13338174
13338174
13338174
13338174
13338174
13338174
13338174
13338174
13338174
13338174
13338174
13338174
13338174
13338174
13338174
13338174
13338174
13338174
13338174
13338174
13338174
13338174
13338174
13338174
13338174
13338174
13338174
13338174
13338174
13338174
13338174
13338174
13338174
13338174
13338174
13338174
13338174
13338174
13338174
13338174
13338174
13338174
13338174
13338174
13338174
13338174
13338174
13338174
13338174
13338174
13338174
13338174
13338174
13338174
13393918
13393918
13393918
13393918
13431860
13431860
13431860
13431860
13431860
13431860
13431860
13431860
13431860
13431860
13431860
13431860
13431860
13431860
13431860
13431860
13650590
13650590
13650590
13650590
13650590
13650590
13650590
13650590
13650590
13650590
13650590
13650590
13650590
13650590
13650590
13650590
13650590
13650590
13650590
13720660
13720660
13720660
13720660
13720660
13720660
13720660
13720660
13720660
13720660
13720660
13720660
13720660
13720660
13720660
13720660
13720660
13720660
13720660
13720660
13720660
13720660
13720660
13720660
13720660
13720660
13720660
13720660
13720660
13720660
13720660
13720660
13720660
13720660
13720660
13720660
13720660
13720660
13720660
13720660
13720660
13720660
13720660
13720660
13720660
13720660
13720660
13720660
13720660
13720660
13720660
13720660
13720660
13720660
13790260
13790260
13790260
13790260
13790260
13790260
13790260
13790260
13790260
13790260
13790260
13790260
13790260
13790260
14560941
14560941
14560941
14560941
14560941
14560941
14560941
14560941
14560941
14560941
14560941
14560941
14560941
14560941
14560941
14560941
14560941
14560941
14560941
14593770
14593770
14593770
14593770
14593770
14604378
14604378
14604378
14604378
14604378
14604378
14604378
14604378
14604378
14604378
14604378
14604378
14604378
14604378
14604378
14604378
14604378
14604378
14604378
14604378
14604378
14604378
14662688
14662688
14662688
14662688
14662688
14662688
14662688
14662688
14662688
14706586
14706586
14706586
14706586
14706586
14706586
14706586
14706586
14706586
14706586
14706586
14706586
14706586
14706586
14706586
14706586
14706586
14706586
14706586
14706586
14706586
14706586
14706586
14706586
14706586
14706586
14706586
14706586
14706586
14706586
14706586
14706586
14706586
14706586
14706586
14706586
14706586
14706586
14706586
14706586
14706586
14706586
14706586
14706586
14706586
14706586
14806126
14806126
14806126
14806126
14806126
14806126
14806126
15048550
15048550
15048550
15048550
15048550
15048550
15048550
15048550
15048550
15048550
15048550
15048550
15048550
15048550
15048550
15048550
15048550
15048550
15048550
15048550
15048550
15048550
15048550
15048550
15048550
15048550
15048550
15048550
15048550
15048550
15048550
15048550
15048550
15048550
15048550
15048550
15048550
15048550
15048550
15048550
15048550
15048550
15048550
15048550
15048550
15048550
15048550
15048550
15048550
15048550
15048550
15048550
15048550
15048550
15048550
15048550
15048550
15048550
15048550
15048550
15048550
15048550
15048550
15048550
15048550
15048550
15048550
15048550
15048550
15048550
15048550
15048550
15048550
15048550
15048550
15048550
15048550
15048550
15048550
15048550
15048550
15048550
15048550
15048550
15048550
15048550
15048550
15048550
15048550
15048550
15048550
15048550
15048550
15048550
15048550
15048550
15048550
15048550
15048550
15048550
15048550
15048550
15048550
15048550
15048550
15048550
15048550
15048550
15048550
15048550
15048550
15048550
15048550
15048550
15095470
15095470
15095470
15095470
15095470
15387538
15387538
15387538
15387538
15387538
15390594
15390594
15390594
15390594
15390594
15390594
15390594
15390594
15390594
15390594
15390594
15390594
15390594
15390594
15390594
15390594
15390594
15390594
15390594
15390594
15390594
15390594
15390594
15390594
15390594
15390594
15390594
15390594
15390594
15390594
15390594
15390594
15390594
15390594
15390594
15390594
15390594
15390594
15390594
15390594
15390594
15390594
15390594
15390594
15390594
15390594
15390594
15390594
15390594
15390594
15390594
15390594
15390594
15390594
15390594
15390594
15390594
15390594
15390594
15390594
15390594
15390594
15390594
15390594
15390594
15390594
15390594
15390594
15390594
15390594
15390594
15390594
15390594
15390594
15390594
15390594
15390594
15390594
15390594
15390594
15390594
15390594
15390594
15390594
15390594
15390594
15390594
15390594
15390594
15390594
15390594
15390594
15390594
15390594
15390594
15390594
15390594
15390594
15390594
15390594
15390594
15390594
15390594
15390594
15390594
15390594
15390594
15390594
15390594
15390594
15390594
15437424
15437424
15437424
15437424
15437424
15437424
15437424
15437424
15437424
15437424
15437424
15437424
15437424
15437424
15437424
15437424
15437424
15437424
15437424
15437424
15437424
15437424
15437424
15437424
15437424
15437424
15437424
15437424
15437424
15437424
15437424
15437424
15437424
15592004
15592004
15592004
15592004
15592004
15592004
15592004
15592004
15592004
15592004
15592004
15592004
15592004
15592004
15592004
15592004
15592004
15592004
15592004
15592004
15592004
15592004
15592004
15592004
15592004
15592004
15592004
15592004
15592004
15592004
15592004
15592004
15592004
15592004
15592004
15592004
15592004
15592004
15592004
15592004
15592004
15592004
15592004
15592004
15592004
15592004
15592004
15592004
15592004
15592004
15592004
15592004
15592004
15592004
15592004
15592004
15592004
15592004
15592004
15592004
15592004
15592004
15592004
15592004
15592004
15592004
15592004
15592004
15592004
15592004
15592004
15592004
15592004
15592004
15592004
15592004
15592004
15592004
15592004
15592004
15592004
15592004
15592004
15592004
15592004
15592004
15592004
15592004
15592004
15592004
15592004
15592004
15592004
15592004
15592004
15592004
15592004
15592004
15592004
15592004
15592004
15592004
15592004
15592004
15592004
15592004
15592004
15592004
15592004
15592004
15592004
15592004
15592004
15592004
15592004
15592004
15592004
15592004
15592004
15592004
15592004
15592004
15592004
15592004
15592004
15592004
15592004
15592004
15592004
15592004
15592004
15592004
15592004
15592004
15592004
15592004
15592004
15592004
15592004
15592004
15592004
15592004
15592004
15592004
15592004
15592004
15592004
15592004
15592004
16440896
16440896
16440896
16440896
16440896
16440896
16440896
16440896
16440896
16440896
16440896
16440896
16440896
16440896
16440896
16440896
16440896
16440896
16440896
16440896
16440896
16440896
16440896
16440896
16440896
16440896
16440896
16440896
16440896
16440896
16440896
16440896
16440896
16440896
16440896
16440896
16440896
16440896
16440896
16440896
16440896
16440896
16440896
16440896
16440896
16440896
16440896
16440896
16440896
16440896
16440896
16486870
16486870
16486870
16486870
16486870
16486870
16486870
16486870
16486870
16486870
16486870
16486870
16486870
16486870
16486870
16486870
16486870
16486870
16486870
16486870
16486870
16486870
16486870
16486870
16486870
16486870
16486870
16486870
16486870
16486870
16486870
16486870
16486870
16486870
16486870
16486870
16486870
16486870
16486870
16486870
16486870
16486870
16486870
16486870
16486870
16486870
16486870
16486870
16486870
16486870
16486870
16486870
16486870
16486870
16486870
16486870
16486870
16486870
16486870
16486870
16486870
16486870
16486870
16486870
16486870
16486870
16486870
16486870
16486870
16486870
16486870
16486870
16486870
16486870
16486870
16486870
16486870
16486870
16486870
16486870
16486870
16486870
16486870
16486870
16486870
16486870
16486870
16486870
16486870
16486870
16486870
16486870
16486870
16486870
16486870
16486870
16486870
16486870
16486870
16486870
16486870
16486870
16486870
16486870
16486870
16486870
16486870
16486870
16486870
16486870
16486870
16486870
16486870
16486870
16486870
16486870
16486870
16486870
16486870
16486870
16486870
16486870
16486870
16486870
16486870
16486870
16486870
16486870
16486870
16486870
16486870
16486870
16486870
16486870
16486870
16486870
16486870
16486870
16486870
16486870
16486870
16486870
16486870
16486870
16486870
16486870
16486870
16486870
16486870
16486870
16486870
16486870
16486870
16486870
16486870
16486870
16486870
16486870
16486870
16486870
16486870
16486870
16486870
16486870
16486870
16486870
16486870
16486870
16486870
16486870
16486870
16486870
16486870
16486870
16486870
16486870
16486870
16486870
16486870
16486870
16486870
16486870
16486870
16486870
16486870
16486870
16486870
16486870
16486870
16486870
16486870
16486870
16486870
16486870
16486870
16486870
16486870
16486870
16486870
16486870
16486870
16486870
16486870
16486870
16486870
16486870
16486870
16486870
16486870
16486870
16486870
16486870
16486870
16486870
16486870
16486870
16486870
16486870
16486870
16486870
16486870
16486870
16486870
16486870
16486870
16486870
16486870
16486870
16486870
16486870
16486870
16486870
16486870
16486870
16486870
16486870
16486870
16486870
16486870
16486870
16512532
16512532
16512532
16512532
16512532
16512532
16512532
16512532
16512532
16512532
16512532
16512532
16512532
16512532
16512532
16512532
16512532
16512532
16512532
16512532
16512532
16512532
16512532
16512532
16512532
16512532
16512532
16512532
16512532
16512532
16512532
16512532
16512532
16512532
16512532
16512532
16512532
16512532
16512532
16512532
16512532
16512532
16512532
16512532
16512532
16512532
16512532
16512532
16512532
16512532
16512532
16512532
16512532
16512532
16512532
16512532
16512532
16512532
16512532
16512532
16512532
16512532
16512532
16512532
16512532
16512532
16512532
16512532
16512532
16964452
16964452
16964452
16964452
16964452
16964452
16964452
16964452
16964452
16964452
16964452
16964452
16964452
16964452
16964452
16964452
16964452
16964452
16964452
16964452
16964452
16964452
16964452
16964452
16964452
16964452
16964452
16977700
16977700
16977700
16977700
16977700
16977700
16977700
16977700
16977700
16977700
16977700
16977700
16977700
16977700
16977700
16977700
16977700
16977700
16977700
16977700
16977700
16977700
16977700
16977700
16977700
16977700
16977700
16977700
16977700
16977700
16977700
16977700
16977700
16977700
16977700
16977700
16977700
16977700
16977700
16977700
16977700
16977700
16977700
16977700
16977700
16977700
16977700
16977700
16977700
16977700
17119060
17119060
17119060
17119060
17119060
17119060
17119060
17119060
17119060
17119060
17119060
17119060
17119060
17119060
17119060
17119060
17119060
17119060
17119060
17119060
17119060
17166610
17166610
17166610
17166610
17166610
17166610
17166610
17166610
17166610
17166610
17166610
17166610
17166610
17166610
17166610
17166610
17166610
17166610
17166610
17166610
17166610
17166610
17166610
17166610
17166610
17166610
17166610
17166610
17166610
17166610
17166610
17166610
17166610
17166610
17166610
17166610
17166610
17166610
17166610
17166610
17166610
17166610
17166610
17166610
17166610
17166610
17166610
17166610
17166610
17166610
17166610
17166610
17189050
17189050
17189050
17189050
17189050
17189050
17189050
17189050
17189050
17189050
17189050
17189050
17189050
17189050
17189050
17189050
17189050
17189050
17189050
17189050
17189050
17189050
17189050
17189050
17189050
17189050
17189050
17189050
17189050
17189050
17189050
17189050
17189050
17189050
17189050
17189050
17261848
17261848
17261848
17261848
17261848
17261848
17261848
17261848
17261848
17261848
17263548
17265645
17265645
17265645
17265645
17265645
17265645
17265645
17265645
17265645
17265645
17265645
17265645
17265645
17265645
17265645
17265645
17265645
17265645
17265645
17265645
17265645
17265645
17265645
17265645
17265645
17265645
17265645
17265645
17265645
17265645
17265645
17265645
17265645
17265645
17265645
17265645
17265645
17265645
17265645
17265645
17265645
17265645
17265645
17265645
17265645
17265645
17265645
17265645
17265645
17265645
17265645
17265645
17265645
17265645
17265645
17265645
17265645
17265645
17265645
17265645
17265645
17265645
17265645
17265645
17265645
17265645
17265645
17265645
17265645
17265645
17265645
17265645
17265645
17265645
17265645
17265645
17265645
17265645
17265645
17265645
17265645
17265645
17265645
17265645
17265645
17265645
17265645
17265645
17265645
17265645
17265645
17265645
17265645
17265645
17265645
17265645
17265645
17265645
17265645
17265645
17265645
17265645
17265645
17265645
17265645
17265645
17265645
17265645
17265645
17265645
17265645
17265645
17265645
17265645
17265645
17265645
17265645
17265645
17265645
17265645
17265645
17265645
17265645
17265645
17265645
17265645
17265645
17265645
17265645
17265645
17265645
17265645
17265645
17265645
17265645
17265645
17265645
17265645
17265645
17265645
17265645
17265645
17265645
17265645
17265645
17265645
17265645
17265645
17265645
17265645
17265645
17265645
17265645
17265645
17265645
17265645
17265645
17265645
17265645
17265645
17265645
17265645
17265645
17265645
17265645
17265645
17265645
17265645
17265645
17265645
17265645
17265645
17265645
17265645
17265645
17265645
17265645
17265645
17265645
17265645
17265645
17265645
17265645
17265645
17265645
17265645
17265645
17265645
17265645
17265645
17265645
17265645
17265645
17265645
17265645
17265645
17265645
17265645
17265645
17265645
17265645
17265645
17265645
17265645
17265645
17265645
17265645
17265645
17265645
17265645
17265645
17265645
17265645
17265645
17265645
17265645
17265645
17265645
17265645
17265645
17265645
17265645
17265645
17265645
17265645
17265645
17265645
17265645
17265645
17265645
17265645
17265645
17265645
17265645
17265645
17265645
17265645
17265645
17265645
17265645
17265645
17265645
17265645
17265645
17265645
17265645
17265645
17265645
17265645
17265645
17265645
17265645
17265645
17265645
17265645
17265645
17265645
17265645
17265645
17265645
17265645
17265645
17265645
17265645
17265645
17265645
17265645
17265645
17265645
17265645
17265645
17265645
17265645
17265645
17265645
17265645
17265645
17265645
17265645
17265645
17265645
17265645
17265645
17265645
17265645
17265645
17265645
17265645
17265645
17265645
17265645
17265645
17265645
17265645
17265645
17265645
17265645
17265645
17265645
17265645
17265645
17265645
17265645
17265645
17265645
17265645
17265645
17265645
17265645
17265645
17265645
17265645
17265645
17265645
17265645
17265645
17265645
17265645
17265645
17265645
17265645
17265645
17265645
17265645
17265645
17265645
17265645
17265645
17265645
17265645
17265645
17265645
17265645
17265645
17265645
17265645
17265645
17265645
17265645
17265645
17265645
17265645
17265645
17265645
17265645
17265645
17265645
17265645
17265645
17265645
17265645
17265645
17265645
17265645
17265645
17265645
17265645
17265645
17265645
17265645
17265645
17265645
17265645
17265645
17265645
17265645
17265645
17265645
17265645
17265645
17265645
17265645
17265645
17265645
17265645
17265645
17265645
17265645
17265645
17265645
17265645
17265645
17265645
17265645
17265645
17265645
17265645
17265645
17265645
17265645
17265645
17265645
17265645
17265645
17265645
17265645
17265645
17265645
17265645
17265645
17265645
17265645
17265645
17265645
17265645
17265645
17265645
17265645
17265645
17265645
17267820
17267820
17267820
17274708
17274708
17274708
17274708
17274708
17274708
17274708
17274708
17274708
17274708
17274708
17427012
17427012
17427012
17427012
17427012
17427012
17427012
17427012
17427012
17427012
17427012
17427012
17427012
17427012
17427012
17427012
17427012
17427012
17427012
17427012
17427012
17427012
17427012
17427012
17427012
17427012
17427012
17427012
17427012
17427012
17427012
17427012
17427012
17427012
17427012
17427012
17427012
17427012
17427012
17427012
17427012
17427012
17427012
17427012
17427012
17427012
17427012
17427012
17427012
17427012
17427012
17427012
17427012
17427012
17427012
17427012
17427012
17427012
17427012
17427012
17427012
17427012
17427012
17427012
17427012
17427012
17427012
17427012
17427012
17427012
17427012
17427012
17427012
17427012
17427012
17427012
17427012
17427012
17427012
17427012
17427012
17427012
17427012
17427012
17427012
17427012
17427012
17427012
17427012
17427012
17427012
17427012
17427012
17427012
17427012
17427012
17427012
17427012
17427012
17427012
17427012
17427012
17427012
17427012
17427012
17427012
17427012
17427012
17427012
17427012
17427012
17427012
17427012
17427012
17427012
17427012
17427012
17427012
17427012
17427012
17427012
17427012
17427012
17427012
17427012
17427012
17427012
17427012
17427012
17427012
17427012
17427012
17427012
17427012
17427012
17427012
17427012
17427012
17427012
17427012
17427012
17427012
17427012
17427012
17427012
17427012
17427012
17427012
17427012
17427012
17427012
17427012
17427012
17427012
17427012
17427012
17427012
17427012
17427012
17427012
17427012
17427012
17427012
17427012
17427012
17427012
17427012
17427012
17427012
17427012
17427012
17427012
17427012
17427012
17427012
17427012
17427012
17427012
17427012
17427012
17427012
17427012
17427012
17427012
17427012
17427012
17427012
17427012
17427012
17427012
17427012
17427012
17427012
17427012
17427012
17427012
17427012
17427012
17427012
17427012
17427012
17427012
17427012
17427012
17427012
17427012
17427012
17427012
17427012
17427012
17427012
17427012
17427012
17427012
17427012
17427012
17427012
17427012
17427012
17427012
17427012
17427012
17427012
17427012
17427012
17427012
17427012
17487714
17487714
17487714
17487714
17487714
17487714
17487714
17548446
17548446
17548446
17548446
17548446
17548446
17548446
17548446
17548446
17548446
17548446
17548446
17548446
17548446
17548446
17548446
17548446
17548446
17548446
17548446
17548446
17548446
17548446
17548446
17548446
17548446
17548446
17548446
17548446
17548446
17548446
17548446
17548446
17548446
17548446
17548446
17548446
17548446
17548446
17548446
17548446
17548446
17548446
17548446
17548446
17548446
17548446
17548446
17548446
17548446
17548446
17548446
17548446
17548446
17548446
17548446
17548446
17548446
17548446
17548446
17548446
