3000 3000
1 1 135
0 2 7
1 3 882
0 4 2936
1 5 2340
0 6 2800
0 7 1125
0 8 230
1 9 199
0 10 2910
0 11 1869
1 12 1061
0 13 240
0 14 1462
0 15 1428
0 16 301
1 17 1926
1 18 1693
0 19 1061
0 20 601
1 21 1679
1 22 1506
0 23 1454
0 24 532
1 25 1228
1 26 1238
1 27 1802
1 28 2237
0 29 1342
0 30 1752
0 31 393
1 32 70
1 33 1591
0 34 295
1 35 1376
0 36 2167
0 37 2497
0 38 2198
0 39 727
1 40 2724
0 41 2667
1 42 1813
1 43 2190
0 44 2257
0 45 802
1 46 915
0 47 587
1 48 1910
0 49 1497
1 50 2048
0 51 2870
1 52 693
1 53 2644
0 54 814
0 55 1644
0 56 2025
1 57 1034
1 58 924
0 59 813
0 60 2662
1 61 1336
0 62 2528
0 63 2689
0 64 2201
0 65 942
0 66 2297
1 67 1027
1 68 2318
1 69 146
0 70 1541
1 71 2301
0 72 392
1 73 2943
0 74 1266
1 75 338
1 76 1
0 77 590
0 78 164
0 79 1504
1 80 2125
1 81 1344
0 82 1437
0 83 1337
0 84 2702
0 85 1846
0 86 1541
0 87 1120
1 88 1352
1 89 1516
0 90 2179
1 91 1402
0 92 2804
0 93 1857
0 94 302
1 95 2545
1 96 1406
1 97 654
0 98 1730
0 99 2468
1 100 681
1 101 292
1 102 2186
0 103 2333
0 104 2242
1 105 1984
1 106 155
1 107 1997
0 108 135
0 109 1197
1 110 2042
0 111 1830
0 112 465
0 113 1090
0 114 1976
0 115 1
0 116 416
0 117 535
0 118 1706
1 119 2134
1 120 535
0 121 990
1 122 535
0 123 1703
1 124 1092
1 125 2560
1 126 1821
0 127 2681
0 128 2386
0 129 1302
1 130 1997
0 131 2364
0 132 2138
1 133 1882
0 134 189
1 135 966
0 136 2832
1 137 652
1 138 1402
0 139 1195
0 140 2925
1 141 458
1 142 1708
0 143 320
0 144 562
0 145 1035
1 146 895
0 147 2988
0 148 1712
0 149 2006
1 150 2484
0 151 2988
1 152 848
1 153 223
1 154 106
1 155 595
0 156 1932
1 157 1892
1 158 829
1 159 802
0 160 2241
0 161 2895
1 162 611
0 163 2852
0 164 2582
0 165 603
1 166 513
0 167 1312
1 168 546
0 169 2663
0 170 2747
1 171 1059
0 172 2861
0 173 1397
0 174 278
1 175 1761
1 176 2964
0 177 2025
1 178 525
0 179 1600
0 180 1784
1 181 1530
0 182 2452
0 183 2616
0 184 2855
0 185 1005
1 186 2040
1 187 2458
0 188 2568
1 189 1066
1 190 2055
1 191 729
0 192 2348
1 193 489
1 194 2271
1 195 1092
0 196 212
0 197 1999
1 198 1265
0 199 2734
0 200 706
1 201 312
1 202 2473
0 203 242
1 204 952
1 205 1775
1 206 1864
0 207 1552
0 208 1668
1 209 155
1 210 507
1 211 2839
1 212 1984
1 213 2572
0 214 739
1 215 812
0 216 2386
0 217 2586
0 218 2053
0 219 361
0 220 2423
1 221 969
0 222 738
0 223 2388
0 224 533
1 225 2312
1 226 715
0 227 1315
1 228 1223
1 229 1277
0 230 722
1 231 809
1 232 753
0 233 2432
1 234 1496
0 235 2961
1 236 2646
0 237 2030
1 238 1026
0 239 527
0 240 2128
0 241 1820
0 242 2735
0 243 835
1 244 1602
1 245 913
1 246 1387
0 247 94
1 248 2649
0 249 852
1 250 895
0 251 720
0 252 488
0 253 2172
0 254 2570
0 255 747
0 256 553
1 257 2013
1 258 2143
1 259 13
1 260 643
0 261 1396
0 262 1706
1 263 2257
1 264 1608
0 265 2970
0 266 2964
1 267 862
0 268 2493
1 269 1407
0 270 1628
0 271 1927
0 272 2135
0 273 838
1 274 144
1 275 98
0 276 2147
0 277 1774
1 278 643
1 279 1653
0 280 582
1 281 448
1 282 2562
0 283 605
1 284 1798
1 285 109
1 286 445
0 287 1887
0 288 2530
0 289 1465
0 290 2199
0 291 523
0 292 1721
1 293 1998
1 294 2483
0 295 2088
0 296 365
1 297 1706
0 298 853
0 299 1660
1 300 2890
1 301 2661
1 302 1288
0 303 1664
0 304 660
0 305 684
1 306 2647
1 307 450
0 308 2135
1 309 722
0 310 1805
1 311 1542
0 312 2812
1 313 670
0 314 811
0 315 110
0 316 2718
0 317 654
0 318 2654
1 319 61
0 320 1302
0 321 1062
1 322 2633
1 323 2628
1 324 1920
1 325 303
1 326 1272
1 327 2127
1 328 1519
1 329 1539
1 330 2456
0 331 388
1 332 1824
1 333 24
1 334 1217
0 335 1845
0 336 2936
0 337 2722
0 338 2429
0 339 447
0 340 178
0 341 2627
0 342 2170
1 343 1972
1 344 2635
0 345 240
1 346 97
1 347 1422
1 348 111
1 349 930
1 350 2262
1 351 2749
1 352 644
1 353 25
0 354 788
0 355 2539
1 356 1772
0 357 137
0 358 1814
0 359 765
1 360 72
0 361 128
0 362 2625
0 363 478
1 364 1338
1 365 1511
1 366 744
1 367 2364
0 368 2138
0 369 1385
0 370 1742
0 371 1518
0 372 1737
0 373 2588
0 374 2712
0 375 332
0 376 298
1 377 2119
0 378 23
0 379 792
1 380 470
1 381 384
1 382 627
0 383 2594
0 384 2425
1 385 430
1 386 2740
0 387 1153
0 388 1864
0 389 2902
1 390 512
1 391 661
0 392 2570
1 393 2023
1 394 1328
1 395 2370
1 396 1137
0 397 1891
1 398 998
0 399 1239
0 400 1940
0 401 149
1 402 2388
0 403 598
0 404 139
1 405 2982
1 406 1321
1 407 51
0 408 2371
0 409 2781
1 410 14
1 411 134
0 412 2587
1 413 1964
0 414 2587
1 415 711
0 416 276
0 417 2929
1 418 2787
0 419 1963
1 420 1115
0 421 2324
0 422 140
0 423 2546
1 424 1576
1 425 374
1 426 852
0 427 1884
1 428 2373
0 429 55
0 430 91
1 431 2834
0 432 1779
0 433 313
1 434 2923
1 435 231
0 436 976
0 437 1135
0 438 1680
0 439 1558
0 440 1745
0 441 2344
0 442 1823
1 443 172
0 444 339
1 445 411
0 446 1540
1 447 2474
1 448 1887
0 449 477
0 450 1823
0 451 1376
0 452 412
0 453 2880
1 454 1987
0 455 2572
1 456 481
1 457 1145
0 458 226
0 459 51
1 460 1267
1 461 1186
0 462 595
1 463 541
0 464 2054
1 465 2790
1 466 2385
1 467 2704
1 468 724
0 469 1234
1 470 11
0 471 1656
0 472 596
1 473 2232
1 474 1771
1 475 756
0 476 1918
0 477 847
1 478 17
1 479 1847
0 480 1424
1 481 210
0 482 1850
0 483 549
0 484 1491
0 485 484
0 486 89
0 487 1986
0 488 809
0 489 314
1 490 1163
0 491 1405
1 492 1831
1 493 2258
1 494 1515
1 495 747
1 496 2695
1 497 665
0 498 1350
0 499 1175
0 500 435
1 501 1758
0 502 2165
0 503 419
1 504 1522
0 505 406
0 506 90
0 507 2917
1 508 1484
0 509 1826
0 510 2792
0 511 2098
0 512 1944
0 513 835
1 514 2633
1 515 609
1 516 806
0 517 518
0 518 2946
0 519 1602
1 520 57
1 521 1838
1 522 952
1 523 2357
0 524 1143
0 525 1617
1 526 1951
1 527 1622
1 528 2997
0 529 990
0 530 1866
1 531 1352
0 532 763
0 533 491
1 534 1001
0 535 2062
1 536 336
1 537 1548
0 538 614
1 539 953
1 540 2924
1 541 1824
1 542 2054
0 543 2442
0 544 2184
0 545 1466
0 546 1990
0 547 2971
1 548 1073
0 549 506
0 550 684
0 551 178
1 552 753
1 553 290
1 554 2851
1 555 2034
0 556 464
0 557 841
1 558 205
1 559 608
1 560 403
1 561 1425
0 562 2296
0 563 920
0 564 30
0 565 1838
1 566 1742
0 567 639
1 568 1683
0 569 2551
1 570 1726
1 571 2302
1 572 1641
1 573 358
1 574 459
0 575 1617
1 576 2107
0 577 814
1 578 2733
0 579 1423
0 580 2628
0 581 1399
1 582 2007
0 583 441
1 584 2971
1 585 2758
0 586 440
0 587 1897
0 588 463
0 589 2800
0 590 818
0 591 2819
0 592 258
0 593 1090
1 594 2698
0 595 260
0 596 36
1 597 525
0 598 2412
1 599 2068
1 600 1849
1 601 2085
1 602 2871
1 603 2700
1 604 1598
0 605 1564
1 606 2067
0 607 1806
0 608 490
0 609 2404
1 610 984
1 611 2672
1 612 525
1 613 2102
0 614 551
0 615 683
0 616 589
0 617 1010
0 618 275
0 619 2066
0 620 2065
0 621 2644
0 622 2894
0 623 1640
1 624 2595
1 625 277
1 626 838
1 627 1460
1 628 343
0 629 1398
1 630 2537
1 631 1441
0 632 1821
1 633 2538
0 634 2220
0 635 2637
0 636 657
0 637 943
0 638 2312
0 639 1750
0 640 2170
1 641 586
1 642 1538
1 643 1208
0 644 2546
0 645 1026
0 646 685
1 647 1288
1 648 248
0 649 1629
0 650 774
1 651 2802
0 652 1193
0 653 525
0 654 1592
1 655 1713
0 656 2599
0 657 1899
0 658 2338
1 659 2620
1 660 498
0 661 606
0 662 1223
0 663 1516
0 664 2545
0 665 1769
0 666 667
1 667 2861
1 668 1473
1 669 450
0 670 104
0 671 1590
0 672 1595
0 673 2791
0 674 2217
1 675 829
1 676 33
0 677 2707
0 678 740
0 679 1537
0 680 2454
1 681 639
0 682 2593
1 683 767
0 684 526
0 685 2675
1 686 1535
0 687 1154
1 688 2586
0 689 2882
1 690 1396
0 691 2368
0 692 343
0 693 1808
0 694 896
1 695 1338
0 696 1031
1 697 635
0 698 1359
0 699 1129
0 700 737
1 701 1735
0 702 2082
0 703 320
0 704 1697
1 705 123
1 706 2010
1 707 824
0 708 1663
1 709 659
0 710 999
1 711 2972
0 712 1651
1 713 2171
1 714 1984
0 715 1399
1 716 170
1 717 2706
0 718 1789
0 719 1070
0 720 188
0 721 740
1 722 244
1 723 1166
0 724 285
1 725 1213
0 726 1494
0 727 1000
1 728 148
1 729 870
0 730 1774
0 731 180
0 732 33
0 733 711
0 734 1597
1 735 951
0 736 2768
0 737 2922
1 738 2032
1 739 84
0 740 1408
0 741 794
0 742 2463
0 743 2981
0 744 667
0 745 2343
0 746 1070
0 747 2586
0 748 2107
0 749 1234
0 750 2371
0 751 571
0 752 19
0 753 2113
1 754 2498
0 755 1376
0 756 316
1 757 1155
1 758 2725
0 759 2837
1 760 2895
1 761 1980
1 762 1468
1 763 2269
0 764 1162
0 765 2207
1 766 2485
1 767 283
0 768 2611
0 769 2016
0 770 283
0 771 718
0 772 1368
1 773 2699
0 774 1204
1 775 2426
0 776 2249
1 777 2846
1 778 1010
1 779 1901
0 780 2482
0 781 1463
1 782 2517
1 783 2000
1 784 2244
0 785 937
1 786 2010
1 787 1885
0 788 2951
1 789 2990
0 790 930
0 791 1801
0 792 1879
0 793 2668
1 794 1365
1 795 2638
0 796 449
1 797 225
0 798 2319
1 799 1446
0 800 1886
0 801 2876
1 802 2427
1 803 1524
0 804 1984
1 805 480
0 806 208
1 807 1315
0 808 2909
0 809 2414
0 810 1185
1 811 704
0 812 2340
0 813 1538
1 814 573
0 815 1722
0 816 186
0 817 1845
0 818 325
0 819 641
0 820 1202
1 821 2685
1 822 301
1 823 934
1 824 775
1 825 2329
0 826 1041
1 827 140
1 828 667
0 829 222
0 830 2557
0 831 1821
0 832 1669
1 833 2125
1 834 713
1 835 125
0 836 2740
0 837 1359
0 838 228
1 839 2157
0 840 2490
0 841 1667
1 842 2666
1 843 2139
0 844 621
0 845 2437
1 846 1933
1 847 1706
0 848 2839
0 849 2942
0 850 951
1 851 1693
0 852 1374
0 853 2585
0 854 1582
1 855 1228
1 856 1048
0 857 1042
0 858 1041
0 859 2477
0 860 1368
0 861 2242
1 862 1687
1 863 106
0 864 2121
0 865 2103
1 866 607
1 867 2301
0 868 1918
1 869 2775
0 870 2930
0 871 1067
0 872 2400
1 873 1383
1 874 2435
1 875 239
1 876 128
0 877 1108
1 878 1207
1 879 2892
0 880 315
0 881 1130
0 882 19
0 883 1140
1 884 2073
1 885 2952
0 886 2798
1 887 1652
0 888 1365
1 889 1879
0 890 2818
0 891 405
1 892 1714
0 893 451
0 894 2375
1 895 1025
0 896 2971
0 897 1610
1 898 2255
0 899 2847
0 900 1019
0 901 85
1 902 1670
0 903 2913
0 904 173
1 905 1882
1 906 587
1 907 256
1 908 1182
0 909 311
1 910 1436
1 911 532
1 912 2118
0 913 1462
1 914 638
1 915 2806
1 916 2427
0 917 608
0 918 2157
0 919 1349
0 920 438
0 921 278
0 922 1438
1 923 2082
1 924 2737
0 925 2193
0 926 2034
1 927 2044
1 928 122
1 929 2654
1 930 58
1 931 210
1 932 2433
0 933 2214
1 934 1574
1 935 202
0 936 211
1 937 1342
1 938 528
0 939 2156
0 940 704
0 941 731
0 942 21
1 943 2613
0 944 974
0 945 2981
0 946 897
0 947 683
1 948 2956
0 949 1462
1 950 1424
0 951 2931
1 952 112
1 953 2213
1 954 53
0 955 2749
0 956 2401
0 957 1526
1 958 2463
0 959 1365
1 960 926
0 961 1846
1 962 335
1 963 384
0 964 2890
0 965 2805
1 966 2695
1 967 301
0 968 105
0 969 2718
1 970 1664
0 971 934
1 972 219
0 973 2335
1 974 1743
0 975 1846
0 976 1027
1 977 53
1 978 1986
0 979 1103
1 980 1982
0 981 1700
0 982 2906
1 983 2834
1 984 661
1 985 1074
0 986 946
1 987 2552
0 988 328
0 989 1371
0 990 204
0 991 548
1 992 442
0 993 2617
1 994 2333
1 995 1306
0 996 849
1 997 2327
0 998 2366
0 999 827
1 1000 1493
0 1001 2495
0 1002 1759
0 1003 54
1 1004 2903
0 1005 2335
0 1006 72
0 1007 1836
0 1008 2423
0 1009 2303
1 1010 1418
0 1011 1612
0 1012 1052
0 1013 1494
0 1014 2576
1 1015 1046
1 1016 2029
1 1017 1729
1 1018 645
1 1019 1188
0 1020 1074
1 1021 71
1 1022 420
1 1023 1156
1 1024 422
0 1025 555
0 1026 410
1 1027 2809
0 1028 2347
0 1029 2504
0 1030 1477
0 1031 2512
0 1032 1897
0 1033 2824
1 1034 1620
1 1035 760
0 1036 756
0 1037 2923
0 1038 537
0 1039 1876
1 1040 823
0 1041 2646
0 1042 1709
0 1043 298
1 1044 2242
0 1045 2213
0 1046 2495
1 1047 2768
0 1048 1865
0 1049 2302
0 1050 2579
1 1051 288
1 1052 1519
0 1053 1577
1 1054 1432
0 1055 1773
0 1056 234
0 1057 2451
1 1058 1257
1 1059 308
0 1060 1443
0 1061 1653
0 1062 1475
1 1063 1337
0 1064 1600
1 1065 752
0 1066 1300
0 1067 2869
0 1068 2639
0 1069 2480
1 1070 970
1 1071 2974
0 1072 2440
1 1073 1354
0 1074 1527
1 1075 1190
0 1076 1181
0 1077 482
1 1078 2395
0 1079 1027
0 1080 2895
0 1081 375
1 1082 1440
0 1083 2935
1 1084 2212
0 1085 642
0 1086 1723
1 1087 193
0 1088 2330
1 1089 1870
1 1090 2397
1 1091 2001
0 1092 2257
1 1093 2149
1 1094 100
1 1095 1662
0 1096 2483
1 1097 2488
1 1098 2359
0 1099 16
0 1100 1318
1 1101 1842
1 1102 2430
0 1103 673
1 1104 1114
1 1105 2443
0 1106 1822
0 1107 1663
1 1108 1173
0 1109 374
0 1110 2635
1 1111 2955
0 1112 1848
0 1113 62
0 1114 2847
1 1115 2203
1 1116 2832
0 1117 753
1 1118 909
0 1119 2803
1 1120 1628
0 1121 963
0 1122 241
1 1123 1400
1 1124 1817
1 1125 839
0 1126 303
1 1127 2756
1 1128 819
0 1129 1328
1 1130 2886
0 1131 1713
1 1132 2613
1 1133 922
0 1134 1668
1 1135 2815
1 1136 2439
0 1137 2728
0 1138 523
1 1139 2941
0 1140 2179
1 1141 2733
0 1142 2710
1 1143 1980
0 1144 614
1 1145 2151
1 1146 1843
1 1147 1281
1 1148 2905
1 1149 1539
1 1150 1612
0 1151 396
1 1152 2994
1 1153 1036
1 1154 737
0 1155 2905
0 1156 2681
0 1157 783
1 1158 163
0 1159 2354
0 1160 854
0 1161 1854
1 1162 2612
0 1163 2593
1 1164 1345
0 1165 1690
1 1166 2026
0 1167 2201
0 1168 2650
1 1169 2161
0 1170 2766
1 1171 2054
0 1172 1592
1 1173 2627
1 1174 1499
0 1175 269
0 1176 833
1 1177 812
0 1178 1394
1 1179 534
1 1180 1105
1 1181 674
0 1182 1081
1 1183 1337
1 1184 2901
0 1185 1545
0 1186 1938
0 1187 1635
1 1188 181
0 1189 1668
0 1190 2212
1 1191 1127
0 1192 1245
1 1193 2188
1 1194 675
0 1195 2613
0 1196 2349
0 1197 1902
0 1198 318
0 1199 900
0 1200 193
0 1201 523
0 1202 1796
1 1203 1956
1 1204 814
1 1205 494
0 1206 507
0 1207 2026
1 1208 2530
1 1209 2457
0 1210 2500
0 1211 134
1 1212 1623
0 1213 431
0 1214 2254
0 1215 2300
0 1216 863
0 1217 2076
1 1218 2761
0 1219 939
0 1220 2555
0 1221 2512
0 1222 2686
0 1223 904
1 1224 767
0 1225 1963
1 1226 214
0 1227 1871
1 1228 1795
0 1229 1628
0 1230 692
1 1231 2950
1 1232 2259
0 1233 2631
1 1234 1087
0 1235 240
0 1236 2754
0 1237 2613
0 1238 1671
1 1239 898
0 1240 991
1 1241 1235
0 1242 1493
1 1243 1868
1 1244 1887
0 1245 1292
0 1246 2282
1 1247 785
0 1248 71
0 1249 506
0 1250 964
1 1251 400
0 1252 2564
0 1253 2957
0 1254 2636
0 1255 2710
0 1256 1364
1 1257 1902
1 1258 2386
0 1259 868
1 1260 1849
0 1261 1317
0 1262 1425
1 1263 2424
0 1264 2136
0 1265 1126
1 1266 1194
0 1267 433
1 1268 45
1 1269 355
1 1270 251
0 1271 1696
0 1272 1219
0 1273 2041
1 1274 1541
1 1275 1317
1 1276 699
1 1277 779
0 1278 1012
1 1279 1584
1 1280 378
1 1281 2151
0 1282 395
0 1283 11
0 1284 386
1 1285 979
0 1286 306
0 1287 943
0 1288 714
1 1289 2128
0 1290 1854
0 1291 2550
0 1292 1258
0 1293 1744
0 1294 393
1 1295 1394
1 1296 1275
0 1297 1935
1 1298 2135
0 1299 2905
0 1300 1182
1 1301 2953
0 1302 1755
1 1303 2002
1 1304 554
0 1305 73
1 1306 873
1 1307 1503
1 1308 291
0 1309 665
0 1310 730
0 1311 2567
0 1312 1985
0 1313 418
0 1314 1271
1 1315 536
1 1316 1908
0 1317 2370
0 1318 2732
1 1319 494
1 1320 915
0 1321 2142
0 1322 2191
1 1323 1332
0 1324 213
1 1325 2640
0 1326 409
0 1327 197
0 1328 171
0 1329 21
0 1330 2392
1 1331 868
0 1332 1465
0 1333 534
1 1334 2154
1 1335 399
0 1336 2958
1 1337 210
0 1338 967
0 1339 92
1 1340 498
1 1341 1998
1 1342 1348
1 1343 2816
0 1344 734
0 1345 1775
1 1346 1501
1 1347 2741
1 1348 109
0 1349 735
0 1350 2843
1 1351 599
0 1352 1036
1 1353 1985
0 1354 2014
0 1355 2713
0 1356 669
1 1357 2208
0 1358 2137
1 1359 1846
1 1360 1934
1 1361 2956
0 1362 2374
1 1363 2019
0 1364 1236
1 1365 2099
1 1366 2880
1 1367 864
1 1368 2167
1 1369 105
1 1370 2927
0 1371 1972
1 1372 2965
0 1373 569
0 1374 2723
0 1375 2857
0 1376 1724
0 1377 2664
1 1378 1042
0 1379 1282
0 1380 530
0 1381 2123
1 1382 2550
1 1383 1994
0 1384 258
0 1385 848
0 1386 493
1 1387 765
0 1388 1965
1 1389 2499
1 1390 2001
1 1391 1616
1 1392 2917
1 1393 2010
0 1394 1255
1 1395 861
0 1396 1507
1 1397 1592
1 1398 315
0 1399 932
0 1400 432
0 1401 115
1 1402 1661
1 1403 1380
1 1404 2173
1 1405 2729
1 1406 2128
0 1407 1370
1 1408 544
0 1409 1023
1 1410 475
1 1411 1474
1 1412 1951
1 1413 2480
0 1414 1310
0 1415 922
1 1416 2619
0 1417 1608
1 1418 577
1 1419 2864
0 1420 380
0 1421 655
0 1422 2655
0 1423 1466
0 1424 261
0 1425 1781
1 1426 1466
1 1427 273
1 1428 51
1 1429 2040
1 1430 2867
0 1431 763
1 1432 1626
0 1433 763
0 1434 2213
0 1435 1441
0 1436 392
0 1437 703
0 1438 1531
0 1439 629
0 1440 24
0 1441 1461
1 1442 540
0 1443 2575
0 1444 1922
0 1445 2251
0 1446 349
0 1447 1129
1 1448 600
0 1449 1834
1 1450 82
1 1451 1638
0 1452 866
1 1453 1630
1 1454 2937
0 1455 97
1 1456 1701
0 1457 291
1 1458 2444
1 1459 1702
1 1460 2534
1 1461 1794
1 1462 151
0 1463 279
1 1464 421
0 1465 1818
0 1466 1210
1 1467 2120
1 1468 937
0 1469 183
1 1470 2612
1 1471 2100
1 1472 2292
1 1473 2530
0 1474 1636
0 1475 2426
0 1476 989
0 1477 2250
0 1478 2393
0 1479 1600
1 1480 621
1 1481 2520
1 1482 680
1 1483 2533
1 1484 300
1 1485 1629
0 1486 603
1 1487 117
0 1488 859
0 1489 1922
0 1490 45
0 1491 1638
0 1492 2695
0 1493 2683
1 1494 2893
0 1495 931
0 1496 239
1 1497 708
1 1498 2869
0 1499 2637
1 1500 2519
1 1501 205
0 1502 2787
1 1503 1866
0 1504 95
1 1505 31
0 1506 1086
0 1507 1525
1 1508 2111
1 1509 1316
1 1510 1208
0 1511 1042
1 1512 1217
0 1513 2364
0 1514 2452
0 1515 1448
1 1516 1802
1 1517 2070
0 1518 1025
0 1519 2567
0 1520 2486
0 1521 126
1 1522 322
0 1523 851
1 1524 2701
0 1525 393
1 1526 2688
0 1527 2223
1 1528 2844
0 1529 2026
0 1530 1000
1 1531 45
1 1532 1237
0 1533 2450
1 1534 224
0 1535 989
0 1536 2335
0 1537 354
1 1538 2573
0 1539 361
1 1540 2216
1 1541 2012
1 1542 2332
0 1543 181
0 1544 413
1 1545 2400
0 1546 814
0 1547 2767
0 1548 2049
1 1549 1865
0 1550 1334
1 1551 1795
0 1552 2936
1 1553 562
0 1554 1080
0 1555 517
1 1556 1739
0 1557 750
0 1558 740
0 1559 830
0 1560 1401
1 1561 2232
0 1562 2416
1 1563 2682
0 1564 1809
0 1565 2050
0 1566 1229
0 1567 2199
1 1568 1724
1 1569 2170
0 1570 2897
0 1571 2525
0 1572 945
1 1573 2044
0 1574 2890
0 1575 1942
0 1576 2594
1 1577 994
0 1578 1299
0 1579 43
1 1580 1435
1 1581 1205
0 1582 937
1 1583 2748
1 1584 2493
1 1585 231
1 1586 1864
0 1587 2065
1 1588 860
1 1589 935
1 1590 2193
1 1591 1836
0 1592 261
0 1593 2631
0 1594 408
0 1595 2838
1 1596 2179
0 1597 2027
0 1598 2576
0 1599 2987
0 1600 1763
0 1601 443
1 1602 742
0 1603 1711
0 1604 2755
0 1605 1911
1 1606 2377
0 1607 1949
0 1608 2044
1 1609 753
0 1610 1557
1 1611 1284
1 1612 1202
0 1613 1471
0 1614 1443
0 1615 732
1 1616 1651
1 1617 1590
1 1618 209
0 1619 1864
1 1620 1124
1 1621 2735
1 1622 418
1 1623 2568
0 1624 2927
1 1625 1746
0 1626 1175
1 1627 1295
1 1628 192
0 1629 605
0 1630 863
1 1631 2669
0 1632 685
1 1633 218
1 1634 799
1 1635 158
1 1636 2263
0 1637 1210
0 1638 2615
1 1639 2555
0 1640 770
1 1641 2569
1 1642 2282
1 1643 2117
0 1644 2331
0 1645 1941
0 1646 1977
0 1647 2477
0 1648 1185
1 1649 412
0 1650 381
1 1651 875
1 1652 1087
1 1653 2221
0 1654 1364
0 1655 513
0 1656 921
0 1657 2861
1 1658 748
0 1659 883
0 1660 1000
0 1661 1605
1 1662 2816
0 1663 1882
0 1664 271
0 1665 1410
1 1666 1767
0 1667 916
0 1668 518
0 1669 2041
1 1670 2141
0 1671 2232
0 1672 501
0 1673 1851
0 1674 2786
0 1675 786
0 1676 1018
0 1677 1577
1 1678 540
1 1679 103
0 1680 2394
0 1681 2983
1 1682 2673
1 1683 1798
1 1684 2260
1 1685 402
0 1686 1717
1 1687 370
0 1688 192
1 1689 2446
1 1690 1301
0 1691 2298
0 1692 1861
1 1693 2265
0 1694 1031
1 1695 1582
0 1696 2704
1 1697 1920
0 1698 1601
1 1699 481
1 1700 1305
1 1701 2543
1 1702 2026
0 1703 285
1 1704 564
0 1705 181
1 1706 2490
0 1707 1870
0 1708 1755
1 1709 1405
0 1710 624
0 1711 1367
0 1712 362
1 1713 2873
1 1714 2803
0 1715 2928
1 1716 2087
1 1717 2583
1 1718 960
0 1719 608
0 1720 2456
0 1721 313
1 1722 1220
1 1723 1849
1 1724 703
1 1725 82
0 1726 639
1 1727 454
1 1728 822
1 1729 2997
1 1730 1525
1 1731 2301
1 1732 415
0 1733 2107
1 1734 2016
0 1735 2121
0 1736 2492
0 1737 2638
0 1738 2923
1 1739 197
0 1740 850
0 1741 2853
1 1742 1603
0 1743 986
1 1744 1456
0 1745 1871
0 1746 1080
0 1747 2901
0 1748 1571
1 1749 469
1 1750 503
1 1751 2988
1 1752 1974
0 1753 2766
1 1754 340
0 1755 1970
0 1756 847
1 1757 1887
1 1758 482
1 1759 279
1 1760 2016
0 1761 1352
1 1762 262
0 1763 2673
0 1764 154
0 1765 1211
1 1766 2177
1 1767 2439
0 1768 413
1 1769 252
0 1770 2024
1 1771 2849
0 1772 66
0 1773 2450
0 1774 1831
0 1775 500
1 1776 533
1 1777 2159
1 1778 1684
1 1779 1073
0 1780 1912
0 1781 2603
0 1782 2548
1 1783 564
0 1784 2083
0 1785 1210
1 1786 9
0 1787 2154
1 1788 216
1 1789 492
0 1790 1571
0 1791 696
0 1792 869
1 1793 866
0 1794 2136
0 1795 2807
0 1796 2087
1 1797 616
1 1798 622
1 1799 36
1 1800 279
0 1801 615
0 1802 78
0 1803 2718
1 1804 1009
1 1805 1788
0 1806 344
0 1807 2727
1 1808 2443
0 1809 982
0 1810 1346
1 1811 1245
1 1812 2713
1 1813 678
1 1814 631
1 1815 1326
1 1816 2666
0 1817 1201
1 1818 1858
1 1819 88
0 1820 473
0 1821 1181
0 1822 2981
0 1823 1082
1 1824 2139
0 1825 395
0 1826 1354
1 1827 2856
1 1828 2377
0 1829 2552
1 1830 2458
1 1831 1854
0 1832 2612
1 1833 2857
1 1834 113
0 1835 1348
0 1836 2132
0 1837 622
1 1838 670
0 1839 2991
0 1840 1803
0 1841 2715
1 1842 1637
1 1843 1486
0 1844 218
1 1845 883
0 1846 627
1 1847 547
1 1848 2902
0 1849 772
0 1850 2040
1 1851 1221
1 1852 533
0 1853 674
1 1854 2783
0 1855 2889
0 1856 938
0 1857 2627
0 1858 2299
1 1859 2938
1 1860 2715
0 1861 1651
1 1862 1763
1 1863 2827
0 1864 418
0 1865 2106
0 1866 1584
0 1867 1940
1 1868 2496
1 1869 2336
1 1870 937
1 1871 2309
0 1872 757
1 1873 2604
1 1874 2512
0 1875 1456
0 1876 2256
0 1877 1570
1 1878 1226
1 1879 653
1 1880 548
0 1881 74
0 1882 493
0 1883 1996
1 1884 471
1 1885 1458
0 1886 1251
1 1887 1760
1 1888 1926
0 1889 793
1 1890 105
0 1891 2560
0 1892 2711
1 1893 1359
0 1894 372
1 1895 715
0 1896 890
1 1897 1543
0 1898 2475
1 1899 2585
1 1900 1138
1 1901 579
1 1902 1756
1 1903 1302
0 1904 2908
1 1905 1678
1 1906 2660
1 1907 1114
1 1908 860
0 1909 266
0 1910 1872
0 1911 2748
0 1912 1491
1 1913 313
0 1914 1441
0 1915 1865
1 1916 2809
0 1917 1461
1 1918 1031
0 1919 335
1 1920 2247
1 1921 1972
1 1922 986
0 1923 2095
0 1924 1458
0 1925 1197
1 1926 531
0 1927 1728
1 1928 2484
1 1929 1626
0 1930 1222
1 1931 1868
1 1932 1762
0 1933 1528
0 1934 2818
0 1935 565
0 1936 1745
0 1937 903
1 1938 575
1 1939 618
1 1940 2475
0 1941 2350
1 1942 2784
0 1943 878
1 1944 648
1 1945 300
0 1946 987
0 1947 21
1 1948 1080
0 1949 1981
0 1950 820
0 1951 1162
0 1952 1194
1 1953 1414
0 1954 866
0 1955 776
0 1956 1158
0 1957 481
1 1958 2884
0 1959 1231
1 1960 2677
0 1961 2506
0 1962 904
0 1963 1020
0 1964 2976
1 1965 2916
0 1966 2467
1 1967 1162
0 1968 2945
0 1969 1436
0 1970 2074
0 1971 814
1 1972 2936
1 1973 189
0 1974 1139
0 1975 362
1 1976 1795
1 1977 2918
1 1978 1296
0 1979 1537
0 1980 2679
1 1981 2404
0 1982 674
0 1983 2385
0 1984 1829
0 1985 1705
1 1986 1067
0 1987 1995
1 1988 985
0 1989 450
0 1990 2586
1 1991 1567
1 1992 1754
0 1993 92
1 1994 143
0 1995 1278
1 1996 2051
0 1997 1585
0 1998 1131
1 1999 1429
0 2000 977
0 2001 1297
1 2002 2722
0 2003 1859
0 2004 624
1 2005 2297
0 2006 2907
1 2007 1635
0 2008 2571
1 2009 2762
0 2010 1387
0 2011 1857
1 2012 2028
0 2013 2188
0 2014 820
0 2015 2735
1 2016 199
0 2017 307
0 2018 943
0 2019 680
0 2020 2261
1 2021 1466
1 2022 1656
0 2023 2069
0 2024 1218
0 2025 1380
0 2026 948
1 2027 218
0 2028 1629
1 2029 2119
1 2030 291
1 2031 1834
0 2032 95
1 2033 1338
1 2034 973
0 2035 992
0 2036 1171
1 2037 2107
0 2038 1876
1 2039 2590
0 2040 1784
0 2041 1563
0 2042 2767
0 2043 227
0 2044 1696
0 2045 2333
1 2046 1210
1 2047 1141
0 2048 2870
1 2049 932
0 2050 489
0 2051 1493
1 2052 1068
0 2053 703
0 2054 2907
1 2055 1152
0 2056 2617
1 2057 1702
0 2058 2313
1 2059 1936
0 2060 2088
1 2061 252
1 2062 2760
0 2063 2907
1 2064 358
0 2065 2287
0 2066 2558
1 2067 44
0 2068 1192
1 2069 1014
0 2070 2666
1 2071 1943
1 2072 1846
1 2073 1060
1 2074 795
1 2075 1969
0 2076 2516
0 2077 1501
1 2078 2286
0 2079 296
0 2080 1728
1 2081 168
1 2082 357
0 2083 836
1 2084 1557
1 2085 625
0 2086 227
1 2087 2758
1 2088 36
0 2089 1246
0 2090 954
0 2091 1498
0 2092 1464
0 2093 1322
1 2094 2350
0 2095 2454
1 2096 2481
0 2097 1367
0 2098 1394
0 2099 916
1 2100 2919
1 2101 2763
1 2102 372
1 2103 2975
0 2104 568
0 2105 2773
1 2106 2461
1 2107 148
1 2108 722
1 2109 2933
1 2110 792
0 2111 2867
1 2112 2555
1 2113 995
1 2114 1803
1 2115 2618
0 2116 2375
0 2117 1810
1 2118 2576
1 2119 1727
1 2120 564
0 2121 2654
1 2122 40
0 2123 1380
0 2124 2650
0 2125 1643
0 2126 1065
0 2127 1717
0 2128 38
0 2129 239
1 2130 2406
0 2131 2623
0 2132 889
0 2133 726
1 2134 1420
1 2135 2211
1 2136 1242
0 2137 474
1 2138 696
1 2139 451
0 2140 2304
1 2141 2146
1 2142 2998
0 2143 1744
1 2144 1966
0 2145 1992
0 2146 851
0 2147 2448
1 2148 294
0 2149 17
1 2150 2316
0 2151 392
0 2152 2153
0 2153 1332
1 2154 1223
0 2155 2252
1 2156 1601
1 2157 2709
1 2158 1339
1 2159 1199
0 2160 898
1 2161 2443
0 2162 1433
0 2163 1906
0 2164 1550
0 2165 1074
0 2166 664
1 2167 724
1 2168 1417
1 2169 2948
1 2170 2250
1 2171 659
0 2172 2864
1 2173 891
0 2174 1816
1 2175 315
0 2176 989
1 2177 2640
0 2178 2548
0 2179 2159
1 2180 505
0 2181 1766
0 2182 1521
0 2183 772
0 2184 2275
1 2185 1479
0 2186 1387
1 2187 150
0 2188 2055
0 2189 630
1 2190 1586
0 2191 867
1 2192 563
0 2193 2203
1 2194 2578
0 2195 2526
0 2196 271
0 2197 1371
0 2198 541
0 2199 1891
0 2200 1208
1 2201 2579
0 2202 2779
1 2203 2702
0 2204 2561
0 2205 2438
1 2206 2862
1 2207 2658
0 2208 2234
0 2209 652
0 2210 1859
0 2211 2319
1 2212 2135
0 2213 1276
0 2214 1265
1 2215 2167
0 2216 1744
0 2217 1434
0 2218 1534
1 2219 358
0 2220 1862
0 2221 2657
1 2222 1106
1 2223 1370
0 2224 1757
1 2225 1166
0 2226 1500
0 2227 994
0 2228 2176
0 2229 20
0 2230 1805
0 2231 717
0 2232 570
0 2233 1894
1 2234 2893
1 2235 2092
0 2236 1666
1 2237 2997
1 2238 2895
1 2239 2434
0 2240 2719
0 2241 1915
0 2242 2110
0 2243 296
0 2244 1705
1 2245 1296
1 2246 567
1 2247 2872
1 2248 2091
0 2249 2810
0 2250 313
0 2251 2159
1 2252 258
1 2253 2677
0 2254 62
1 2255 1013
1 2256 2376
1 2257 2355
0 2258 1767
0 2259 864
1 2260 1053
1 2261 2633
0 2262 1293
1 2263 1300
1 2264 2346
0 2265 1259
1 2266 1055
0 2267 1360
1 2268 507
0 2269 2289
1 2270 1541
0 2271 1462
1 2272 2921
0 2273 1547
1 2274 632
1 2275 1283
0 2276 1267
0 2277 2379
1 2278 2668
0 2279 1756
0 2280 2359
1 2281 734
1 2282 1419
0 2283 1062
1 2284 549
0 2285 2691
0 2286 627
1 2287 1570
0 2288 2143
1 2289 2207
0 2290 1046
1 2291 200
0 2292 447
1 2293 2429
1 2294 2134
0 2295 2382
0 2296 1057
0 2297 2143
1 2298 2203
1 2299 2540
1 2300 1728
0 2301 685
1 2302 661
0 2303 1135
1 2304 1716
0 2305 1841
0 2306 2204
0 2307 2808
0 2308 773
1 2309 656
0 2310 1477
0 2311 2928
0 2312 868
1 2313 2248
0 2314 1853
1 2315 1010
1 2316 2666
1 2317 1877
0 2318 1430
0 2319 749
0 2320 2146
1 2321 2095
0 2322 2006
1 2323 258
1 2324 1574
1 2325 1535
0 2326 2364
1 2327 753
0 2328 1492
1 2329 1768
1 2330 2482
1 2331 1063
1 2332 940
0 2333 2274
1 2334 20
1 2335 2222
1 2336 2850
1 2337 612
1 2338 2564
0 2339 2154
1 2340 532
1 2341 1077
1 2342 2427
1 2343 2124
0 2344 293
0 2345 901
1 2346 1482
0 2347 2654
1 2348 1690
1 2349 175
1 2350 319
0 2351 1411
0 2352 469
0 2353 1338
1 2354 2488
1 2355 750
1 2356 231
0 2357 872
0 2358 1500
1 2359 2481
0 2360 1375
0 2361 654
0 2362 644
1 2363 2029
1 2364 1656
0 2365 648
0 2366 269
0 2367 2855
1 2368 503
0 2369 1359
0 2370 975
0 2371 2729
1 2372 601
1 2373 1308
0 2374 906
1 2375 399
0 2376 2410
1 2377 2019
0 2378 372
1 2379 754
0 2380 2962
0 2381 243
0 2382 2310
0 2383 1954
0 2384 165
1 2385 1981
0 2386 1191
1 2387 649
1 2388 909
0 2389 2940
0 2390 864
0 2391 2649
1 2392 83
0 2393 251
0 2394 122
0 2395 525
1 2396 1408
1 2397 247
1 2398 2139
0 2399 1482
1 2400 1903
0 2401 2181
1 2402 1706
1 2403 771
0 2404 947
1 2405 571
0 2406 261
0 2407 2619
0 2408 974
0 2409 61
1 2410 1142
1 2411 2577
1 2412 384
0 2413 2231
0 2414 1166
1 2415 123
1 2416 2312
1 2417 2527
1 2418 1386
1 2419 2633
1 2420 1085
0 2421 689
0 2422 803
0 2423 1629
1 2424 2690
1 2425 276
0 2426 686
0 2427 605
1 2428 884
1 2429 2904
1 2430 1322
0 2431 1208
0 2432 1056
0 2433 806
1 2434 2952
1 2435 811
1 2436 1674
1 2437 1026
0 2438 2359
0 2439 2932
0 2440 1947
1 2441 2458
0 2442 875
0 2443 1479
0 2444 692
1 2445 1687
0 2446 2749
1 2447 483
0 2448 2080
1 2449 2149
0 2450 488
0 2451 819
1 2452 1675
1 2453 2932
0 2454 260
0 2455 2537
0 2456 1424
1 2457 617
0 2458 1401
0 2459 251
0 2460 945
0 2461 2002
1 2462 1885
1 2463 2812
1 2464 1231
1 2465 1681
0 2466 2547
1 2467 1884
0 2468 755
0 2469 148
1 2470 1695
0 2471 283
0 2472 933
1 2473 2653
1 2474 800
0 2475 329
0 2476 370
1 2477 1451
0 2478 1089
0 2479 541
0 2480 2377
0 2481 849
0 2482 2615
0 2483 1857
0 2484 1088
0 2485 1699
0 2486 1792
1 2487 1312
0 2488 1277
1 2489 1350
0 2490 525
0 2491 994
0 2492 1928
0 2493 2362
0 2494 2669
0 2495 1954
0 2496 1485
1 2497 1778
1 2498 2515
0 2499 2825
0 2500 451
0 2501 1931
1 2502 1795
1 2503 2928
1 2504 1189
1 2505 2347
0 2506 1827
0 2507 515
1 2508 482
0 2509 2106
0 2510 1477
1 2511 2491
1 2512 1978
0 2513 1309
0 2514 2690
0 2515 1395
1 2516 2166
0 2517 1889
0 2518 37
1 2519 1398
1 2520 2631
1 2521 1525
0 2522 864
1 2523 376
0 2524 2762
1 2525 236
0 2526 372
0 2527 1359
0 2528 1652
0 2529 722
0 2530 2073
1 2531 614
1 2532 1370
1 2533 600
0 2534 1542
0 2535 1557
0 2536 2758
0 2537 232
0 2538 1430
1 2539 14
0 2540 2618
0 2541 548
0 2542 2799
0 2543 1774
1 2544 2916
0 2545 1668
1 2546 41
1 2547 475
0 2548 2714
0 2549 2575
1 2550 2595
0 2551 802
1 2552 911
1 2553 1164
0 2554 899
0 2555 989
1 2556 2597
0 2557 1579
1 2558 523
1 2559 410
0 2560 1479
1 2561 411
1 2562 2658
1 2563 985
1 2564 1810
0 2565 2336
0 2566 989
1 2567 596
0 2568 1013
0 2569 105
0 2570 423
1 2571 2746
1 2572 752
1 2573 2522
1 2574 2045
0 2575 694
0 2576 851
1 2577 1965
1 2578 943
0 2579 1129
1 2580 996
1 2581 1941
0 2582 375
0 2583 1533
1 2584 2008
0 2585 359
0 2586 1458
0 2587 796
1 2588 2984
0 2589 132
0 2590 2074
1 2591 2204
0 2592 2303
1 2593 1117
0 2594 2602
1 2595 45
0 2596 1317
1 2597 678
0 2598 1960
0 2599 116
1 2600 209
0 2601 578
0 2602 2787
1 2603 2835
1 2604 2219
0 2605 117
0 2606 824
0 2607 2977
0 2608 2656
0 2609 453
0 2610 2191
1 2611 358
1 2612 328
0 2613 1826
0 2614 884
0 2615 495
1 2616 529
1 2617 1788
0 2618 1763
0 2619 1891
1 2620 1913
1 2621 1432
0 2622 989
0 2623 1798
1 2624 1273
0 2625 1675
1 2626 1701
1 2627 1200
1 2628 550
0 2629 2849
0 2630 222
0 2631 2033
1 2632 1936
0 2633 2428
1 2634 2015
1 2635 172
0 2636 1171
0 2637 551
1 2638 2201
1 2639 279
0 2640 1268
0 2641 2586
0 2642 2194
1 2643 2114
0 2644 1579
0 2645 1783
0 2646 657
0 2647 1868
1 2648 2282
1 2649 2354
0 2650 1327
1 2651 2759
1 2652 1171
0 2653 2626
1 2654 2813
0 2655 971
1 2656 1981
0 2657 1997
0 2658 1276
0 2659 2704
1 2660 2794
1 2661 1446
1 2662 746
0 2663 1764
1 2664 1972
0 2665 1782
0 2666 2056
0 2667 2685
0 2668 1339
1 2669 751
1 2670 2568
0 2671 478
0 2672 2278
0 2673 1673
1 2674 2264
1 2675 796
0 2676 1099
0 2677 1565
1 2678 2652
0 2679 2564
0 2680 1931
0 2681 526
0 2682 836
1 2683 1058
1 2684 2290
1 2685 1597
0 2686 1409
1 2687 2423
0 2688 2087
1 2689 6
0 2690 754
0 2691 281
0 2692 1491
0 2693 315
1 2694 2161
1 2695 773
1 2696 1684
1 2697 2987
1 2698 1259
1 2699 409
1 2700 227
1 2701 295
0 2702 1893
0 2703 798
0 2704 2603
0 2705 361
0 2706 1413
0 2707 2361
0 2708 264
1 2709 2459
1 2710 2356
1 2711 1416
1 2712 2007
0 2713 377
0 2714 2271
1 2715 990
1 2716 1083
1 2717 205
1 2718 2546
0 2719 1833
0 2720 449
0 2721 1718
1 2722 716
0 2723 268
0 2724 1554
0 2725 1563
1 2726 2281
0 2727 2193
0 2728 2292
1 2729 2595
0 2730 2715
0 2731 918
0 2732 2901
0 2733 134
1 2734 2885
0 2735 1129
1 2736 575
1 2737 2179
0 2738 978
1 2739 2200
1 2740 3
1 2741 1304
1 2742 1309
0 2743 1795
1 2744 2550
0 2745 1291
1 2746 664
0 2747 2175
1 2748 2801
0 2749 462
1 2750 2386
1 2751 1621
1 2752 2931
0 2753 2649
0 2754 2353
1 2755 630
0 2756 1115
1 2757 2042
1 2758 2622
0 2759 1338
0 2760 2549
0 2761 2486
0 2762 222
1 2763 1189
0 2764 2208
0 2765 2366
1 2766 2685
1 2767 2798
0 2768 299
0 2769 963
1 2770 739
1 2771 403
0 2772 1189
0 2773 307
1 2774 2927
1 2775 1628
0 2776 2814
1 2777 287
1 2778 1842
1 2779 1952
1 2780 299
1 2781 2828
0 2782 105
1 2783 2362
1 2784 2813
0 2785 809
0 2786 759
0 2787 682
1 2788 1056
0 2789 176
0 2790 221
0 2791 2434
0 2792 87
1 2793 2997
0 2794 2284
1 2795 316
0 2796 2324
1 2797 2580
1 2798 2128
0 2799 2704
0 2800 2046
0 2801 2538
0 2802 1284
1 2803 2909
1 2804 2535
0 2805 2879
1 2806 2826
0 2807 155
0 2808 2924
1 2809 2312
1 2810 278
1 2811 907
0 2812 1979
0 2813 2119
1 2814 2187
1 2815 444
1 2816 810
1 2817 727
1 2818 1157
1 2819 2355
0 2820 2814
1 2821 1222
1 2822 357
0 2823 2294
1 2824 1419
0 2825 1973
0 2826 2321
0 2827 2728
0 2828 1286
0 2829 393
0 2830 2048
1 2831 2618
0 2832 556
1 2833 407
0 2834 2574
0 2835 2564
0 2836 1347
1 2837 542
1 2838 2248
1 2839 443
0 2840 1452
1 2841 2411
1 2842 2716
1 2843 2445
1 2844 268
0 2845 2956
1 2846 511
0 2847 17
0 2848 1288
0 2849 996
0 2850 2059
0 2851 2000
1 2852 1309
0 2853 16
1 2854 2118
1 2855 90
0 2856 2010
1 2857 688
1 2858 25
0 2859 1074
1 2860 1598
0 2861 2313
1 2862 364
0 2863 2128
1 2864 2218
0 2865 1601
1 2866 1968
0 2867 1746
1 2868 171
1 2869 450
0 2870 2008
0 2871 1777
0 2872 2614
0 2873 2973
1 2874 2472
0 2875 151
1 2876 785
1 2877 729
1 2878 268
0 2879 1544
1 2880 1510
0 2881 2062
1 2882 1275
1 2883 848
0 2884 1654
0 2885 936
1 2886 1311
1 2887 1036
1 2888 2751
1 2889 1783
0 2890 1712
0 2891 2947
0 2892 1038
0 2893 1596
0 2894 463
0 2895 572
0 2896 553
0 2897 1890
0 2898 101
1 2899 1529
1 2900 2716
0 2901 2198
0 2902 2494
1 2903 427
1 2904 270
1 2905 1201
0 2906 81
0 2907 819
0 2908 1867
1 2909 649
1 2910 449
0 2911 19
0 2912 1547
0 2913 1275
1 2914 1815
0 2915 2825
0 2916 2082
0 2917 2031
1 2918 2973
1 2919 2719
1 2920 529
1 2921 1329
0 2922 350
1 2923 1564
1 2924 362
1 2925 2728
1 2926 2082
0 2927 1714
1 2928 501
1 2929 2400
1 2930 1888
0 2931 2671
1 2932 2147
1 2933 1275
1 2934 2640
0 2935 1405
0 2936 2699
0 2937 1166
0 2938 485
0 2939 2078
0 2940 227
1 2941 1535
1 2942 1332
0 2943 834
1 2944 2768
0 2945 1726
0 2946 199
0 2947 1663
1 2948 813
0 2949 713
0 2950 794
0 2951 2441
0 2952 1818
1 2953 2283
1 2954 601
0 2955 1894
1 2956 192
1 2957 1490
1 2958 489
1 2959 1770
1 2960 31
0 2961 1862
1 2962 671
1 2963 1316
0 2964 2475
0 2965 64
0 2966 2961
1 2967 2221
0 2968 2888
0 2969 584
1 2970 2393
1 2971 823
0 2972 2289
0 2973 870
0 2974 859
0 2975 1385
1 2976 2321
0 2977 1847
0 2978 2268
0 2979 2735
0 2980 1831
1 2981 2049
1 2982 1381
0 2983 2408
0 2984 1459
1 2985 1877
0 2986 2701
1 2987 2439
0 2988 1123
1 2989 2649
0 2990 1285
0 2991 1998
0 2992 908
0 2993 2283
0 2994 2312
1 2995 1838
0 2996 1718
0 2997 2880
1 2998 2430
1 2999 1374
0 0 379
0
1
2
3
4
5
6
7
8
9
10
11
12
13
14
15
16
17
18
19
20
21
22
23
24
25
26
27
28
29
30
31
32
33
34
35
36
37
38
39
40
41
42
43
44
45
46
47
48
49
50
51
52
53
54
55
56
57
58
59
60
61
62
63
64
65
66
67
68
69
70
71
72
73
74
75
76
77
78
79
80
81
82
83
84
85
86
87
88
89
90
91
92
93
94
95
96
97
98
99
100
101
102
103
104
105
106
107
108
109
110
111
112
113
114
115
116
117
118
119
120
121
122
123
124
125
126
127
128
129
130
131
132
133
134
135
136
137
138
139
140
141
142
143
144
145
146
147
148
149
150
151
152
153
154
155
156
157
158
159
160
161
162
163
164
165
166
167
168
169
170
171
172
173
174
175
176
177
178
179
180
181
182
183
184
185
186
187
188
189
190
191
192
193
194
195
196
197
198
199
200
201
202
203
204
205
206
207
208
209
210
211
212
213
214
215
216
217
218
219
220
221
222
223
224
225
226
227
228
229
230
231
232
233
234
235
236
237
238
239
240
241
242
243
244
245
246
247
248
249
250
251
252
253
254
255
256
257
258
259
260
261
262
263
264
265
266
267
268
269
270
271
272
273
274
275
276
277
278
279
280
281
282
283
284
285
286
287
288
289
290
291
292
293
294
295
296
297
298
299
300
301
302
303
304
305
306
307
308
309
310
311
312
313
314
315
316
317
318
319
320
321
322
323
324
325
326
327
328
329
330
331
332
333
334
335
336
337
338
339
340
341
342
343
344
345
346
347
348
349
350
351
352
353
354
355
356
357
358
359
360
361
362
363
364
365
366
367
368
369
370
371
372
373
374
375
376
377
378
379
380
381
382
383
384
385
386
387
388
389
390
391
392
393
394
395
396
397
398
399
400
401
402
403
404
405
406
407
408
409
410
411
412
413
414
415
416
417
418
419
420
421
422
423
424
425
426
427
428
429
430
431
432
433
434
435
436
437
438
439
440
441
442
443
444
445
446
447
448
449
450
451
452
453
454
455
456
457
458
459
460
461
462
463
464
465
466
467
468
469
470
471
472
473
474
475
476
477
478
479
480
481
482
483
484
485
486
487
488
489
490
491
492
493
494
495
496
497
498
499
500
501
502
503
504
505
506
507
508
509
510
511
512
513
514
515
516
517
518
519
520
521
522
523
524
525
526
527
528
529
530
531
532
533
534
535
536
537
538
539
540
541
542
543
544
545
546
547
548
549
550
551
552
553
554
555
556
557
558
559
560
561
562
563
564
565
566
567
568
569
570
571
572
573
574
575
576
577
578
579
580
581
582
583
584
585
586
587
588
589
590
591
592
593
594
595
596
597
598
599
600
601
602
603
604
605
606
607
608
609
610
611
612
613
614
615
616
617
618
619
620
621
622
623
624
625
626
627
628
629
630
631
632
633
634
635
636
637
638
639
640
641
642
643
644
645
646
647
648
649
650
651
652
653
654
655
656
657
658
659
660
661
662
663
664
665
666
667
668
669
670
671
672
673
674
675
676
677
678
679
680
681
682
683
684
685
686
687
688
689
690
691
692
693
694
695
696
697
698
699
700
701
702
703
704
705
706
707
708
709
710
711
712
713
714
715
716
717
718
719
720
721
722
723
724
725
726
727
728
729
730
731
732
733
734
735
736
737
738
739
740
741
742
743
744
745
746
747
748
749
750
751
752
753
754
755
756
757
758
759
760
761
762
763
764
765
766
767
768
769
770
771
772
773
774
775
776
777
778
779
780
781
782
783
784
785
786
787
788
789
790
791
792
793
794
795
796
797
798
799
800
801
802
803
804
805
806
807
808
809
810
811
812
813
814
815
816
817
818
819
820
821
822
823
824
825
826
827
828
829
830
831
832
833
834
835
836
837
838
839
840
841
842
843
844
845
846
847
848
849
850
851
852
853
854
855
856
857
858
859
860
861
862
863
864
865
866
867
868
869
870
871
872
873
874
875
876
877
878
879
880
881
882
883
884
885
886
887
888
889
890
891
892
893
894
895
896
897
898
899
900
901
902
903
904
905
906
907
908
909
910
911
912
913
914
915
916
917
918
919
920
921
922
923
924
925
926
927
928
929
930
931
932
933
934
935
936
937
938
939
940
941
942
943
944
945
946
947
948
949
950
951
952
953
954
955
956
957
958
959
960
961
962
963
964
965
966
967
968
969
970
971
972
973
974
975
976
977
978
979
980
981
982
983
984
985
986
987
988
989
990
991
992
993
994
995
996
997
998
999
1000
1001
1002
1003
1004
1005
1006
1007
1008
1009
1010
1011
1012
1013
1014
1015
1016
1017
1018
1019
1020
1021
1022
1023
1024
1025
1026
1027
1028
1029
1030
1031
1032
1033
1034
1035
1036
1037
1038
1039
1040
1041
1042
1043
1044
1045
1046
1047
1048
1049
1050
1051
1052
1053
1054
1055
1056
1057
1058
1059
1060
1061
1062
1063
1064
1065
1066
1067
1068
1069
1070
1071
1072
1073
1074
1075
1076
1077
1078
1079
1080
1081
1082
1083
1084
1085
1086
1087
1088
1089
1090
1091
1092
1093
1094
1095
1096
1097
1098
1099
1100
1101
1102
1103
1104
1105
1106
1107
1108
1109
1110
1111
1112
1113
1114
1115
1116
1117
1118
1119
1120
1121
1122
1123
1124
1125
1126
1127
1128
1129
1130
1131
1132
1133
1134
1135
1136
1137
1138
1139
1140
1141
1142
1143
1144
1145
1146
1147
1148
1149
1150
1151
1152
1153
1154
1155
1156
1157
1158
1159
1160
1161
1162
1163
1164
1165
1166
1167
1168
1169
1170
1171
1172
1173
1174
1175
1176
1177
1178
1179
1180
1181
1182
1183
1184
1185
1186
1187
1188
1189
1190
1191
1192
1193
1194
1195
1196
1197
1198
1199
1200
1201
1202
1203
1204
1205
1206
1207
1208
1209
1210
1211
1212
1213
1214
1215
1216
1217
1218
1219
1220
1221
1222
1223
1224
1225
1226
1227
1228
1229
1230
1231
1232
1233
1234
1235
1236
1237
1238
1239
1240
1241
1242
1243
1244
1245
1246
1247
1248
1249
1250
1251
1252
1253
1254
1255
1256
1257
1258
1259
1260
1261
1262
1263
1264
1265
1266
1267
1268
1269
1270
1271
1272
1273
1274
1275
1276
1277
1278
1279
1280
1281
1282
1283
1284
1285
1286
1287
1288
1289
1290
1291
1292
1293
1294
1295
1296
1297
1298
1299
1300
1301
1302
1303
1304
1305
1306
1307
1308
1309
1310
1311
1312
1313
1314
1315
1316
1317
1318
1319
1320
1321
1322
1323
1324
1325
1326
1327
1328
1329
1330
1331
1332
1333
1334
1335
1336
1337
1338
1339
1340
1341
1342
1343
1344
1345
1346
1347
1348
1349
1350
1351
1352
1353
1354
1355
1356
1357
1358
1359
1360
1361
1362
1363
1364
1365
1366
1367
1368
1369
1370
1371
1372
1373
1374
1375
1376
1377
1378
1379
1380
1381
1382
1383
1384
1385
1386
1387
1388
1389
1390
1391
1392
1393
1394
1395
1396
1397
1398
1399
1400
1401
1402
1403
1404
1405
1406
1407
1408
1409
1410
1411
1412
1413
1414
1415
1416
1417
1418
1419
1420
1421
1422
1423
1424
1425
1426
1427
1428
1429
1430
1431
1432
1433
1434
1435
1436
1437
1438
1439
1440
1441
1442
1443
1444
1445
1446
1447
1448
1449
1450
1451
1452
1453
1454
1455
1456
1457
1458
1459
1460
1461
1462
1463
1464
1465
1466
1467
1468
1469
1470
1471
1472
1473
1474
1475
1476
1477
1478
1479
1480
1481
1482
1483
1484
1485
1486
1487
1488
1489
1490
1491
1492
1493
1494
1495
1496
1497
1498
1499
1500
1501
1502
1503
1504
1505
1506
1507
1508
1509
1510
1511
1512
1513
1514
1515
1516
1517
1518
1519
1520
1521
1522
1523
1524
1525
1526
1527
1528
1529
1530
1531
1532
1533
1534
1535
1536
1537
1538
1539
1540
1541
1542
1543
1544
1545
1546
1547
1548
1549
1550
1551
1552
1553
1554
1555
1556
1557
1558
1559
1560
1561
1562
1563
1564
1565
1566
1567
1568
1569
1570
1571
1572
1573
1574
1575
1576
1577
1578
1579
1580
1581
1582
1583
1584
1585
1586
1587
1588
1589
1590
1591
1592
1593
1594
1595
1596
1597
1598
1599
1600
1601
1602
1603
1604
1605
1606
1607
1608
1609
1610
1611
1612
1613
1614
1615
1616
1617
1618
1619
1620
1621
1622
1623
1624
1625
1626
1627
1628
1629
1630
1631
1632
1633
1634
1635
1636
1637
1638
1639
1640
1641
1642
1643
1644
1645
1646
1647
1648
1649
1650
1651
1652
1653
1654
1655
1656
1657
1658
1659
1660
1661
1662
1663
1664
1665
1666
1667
1668
1669
1670
1671
1672
1673
1674
1675
1676
1677
1678
1679
1680
1681
1682
1683
1684
1685
1686
1687
1688
1689
1690
1691
1692
1693
1694
1695
1696
1697
1698
1699
1700
1701
1702
1703
1704
1705
1706
1707
1708
1709
1710
1711
1712
1713
1714
1715
1716
1717
1718
1719
1720
1721
1722
1723
1724
1725
1726
1727
1728
1729
1730
1731
1732
1733
1734
1735
1736
1737
1738
1739
1740
1741
1742
1743
1744
1745
1746
1747
1748
1749
1750
1751
1752
1753
1754
1755
1756
1757
1758
1759
1760
1761
1762
1763
1764
1765
1766
1767
1768
1769
1770
1771
1772
1773
1774
1775
1776
1777
1778
1779
1780
1781
1782
1783
1784
1785
1786
1787
1788
1789
1790
1791
1792
1793
1794
1795
1796
1797
1798
1799
1800
1801
1802
1803
1804
1805
1806
1807
1808
1809
1810
1811
1812
1813
1814
1815
1816
1817
1818
1819
1820
1821
1822
1823
1824
1825
1826
1827
1828
1829
1830
1831
1832
1833
1834
1835
1836
1837
1838
1839
1840
1841
1842
1843
1844
1845
1846
1847
1848
1849
1850
1851
1852
1853
1854
1855
1856
1857
1858
1859
1860
1861
1862
1863
1864
1865
1866
1867
1868
1869
1870
1871
1872
1873
1874
1875
1876
1877
1878
1879
1880
1881
1882
1883
1884
1885
1886
1887
1888
1889
1890
1891
1892
1893
1894
1895
1896
1897
1898
1899
1900
1901
1902
1903
1904
1905
1906
1907
1908
1909
1910
1911
1912
1913
1914
1915
1916
1917
1918
1919
1920
1921
1922
1923
1924
1925
1926
1927
1928
1929
1930
1931
1932
1933
1934
1935
1936
1937
1938
1939
1940
1941
1942
1943
1944
1945
1946
1947
1948
1949
1950
1951
1952
1953
1954
1955
1956
1957
1958
1959
1960
1961
1962
1963
1964
1965
1966
1967
1968
1969
1970
1971
1972
1973
1974
1975
1976
1977
1978
1979
1980
1981
1982
1983
1984
1985
1986
1987
1988
1989
1990
1991
1992
1993
1994
1995
1996
1997
1998
1999
2000
2001
2002
2003
2004
2005
2006
2007
2008
2009
2010
2011
2012
2013
2014
2015
2016
2017
2018
2019
2020
2021
2022
2023
2024
2025
2026
2027
2028
2029
2030
2031
2032
2033
2034
2035
2036
2037
2038
2039
2040
2041
2042
2043
2044
2045
2046
2047
2048
2049
2050
2051
2052
2053
2054
2055
2056
2057
2058
2059
2060
2061
2062
2063
2064
2065
2066
2067
2068
2069
2070
2071
2072
2073
2074
2075
2076
2077
2078
2079
2080
2081
2082
2083
2084
2085
2086
2087
2088
2089
2090
2091
2092
2093
2094
2095
2096
2097
2098
2099
2100
2101
2102
2103
2104
2105
2106
2107
2108
2109
2110
2111
2112
2113
2114
2115
2116
2117
2118
2119
2120
2121
2122
2123
2124
2125
2126
2127
2128
2129
2130
2131
2132
2133
2134
2135
2136
2137
2138
2139
2140
2141
2142
2143
2144
2145
2146
2147
2148
2149
2150
2151
2152
2153
2154
2155
2156
2157
2158
2159
2160
2161
2162
2163
2164
2165
2166
2167
2168
2169
2170
2171
2172
2173
2174
2175
2176
2177
2178
2179
2180
2181
2182
2183
2184
2185
2186
2187
2188
2189
2190
2191
2192
2193
2194
2195
2196
2197
2198
2199
2200
2201
2202
2203
2204
2205
2206
2207
2208
2209
2210
2211
2212
2213
2214
2215
2216
2217
2218
2219
2220
2221
2222
2223
2224
2225
2226
2227
2228
2229
2230
2231
2232
2233
2234
2235
2236
2237
2238
2239
2240
2241
2242
2243
2244
2245
2246
2247
2248
2249
2250
2251
2252
2253
2254
2255
2256
2257
2258
2259
2260
2261
2262
2263
2264
2265
2266
2267
2268
2269
2270
2271
2272
2273
2274
2275
2276
2277
2278
2279
2280
2281
2282
2283
2284
2285
2286
2287
2288
2289
2290
2291
2292
2293
2294
2295
2296
2297
2298
2299
2300
2301
2302
2303
2304
2305
2306
2307
2308
2309
2310
2311
2312
2313
2314
2315
2316
2317
2318
2319
2320
2321
2322
2323
2324
2325
2326
2327
2328
2329
2330
2331
2332
2333
2334
2335
2336
2337
2338
2339
2340
2341
2342
2343
2344
2345
2346
2347
2348
2349
2350
2351
2352
2353
2354
2355
2356
2357
2358
2359
2360
2361
2362
2363
2364
2365
2366
2367
2368
2369
2370
2371
2372
2373
2374
2375
2376
2377
2378
2379
2380
2381
2382
2383
2384
2385
2386
2387
2388
2389
2390
2391
2392
2393
2394
2395
2396
2397
2398
2399
2400
2401
2402
2403
2404
2405
2406
2407
2408
2409
2410
2411
2412
2413
2414
2415
2416
2417
2418
2419
2420
2421
2422
2423
2424
2425
2426
2427
2428
2429
2430
2431
2432
2433
2434
2435
2436
2437
2438
2439
2440
2441
2442
2443
2444
2445
2446
2447
2448
2449
2450
2451
2452
2453
2454
2455
2456
2457
2458
2459
2460
2461
2462
2463
2464
2465
2466
2467
2468
2469
2470
2471
2472
2473
2474
2475
2476
2477
2478
2479
2480
2481
2482
2483
2484
2485
2486
2487
2488
2489
2490
2491
2492
2493
2494
2495
2496
2497
2498
2499
2500
2501
2502
2503
2504
2505
2506
2507
2508
2509
2510
2511
2512
2513
2514
2515
2516
2517
2518
2519
2520
2521
2522
2523
2524
2525
2526
2527
2528
2529
2530
2531
2532
2533
2534
2535
2536
2537
2538
2539
2540
2541
2542
2543
2544
2545
2546
2547
2548
2549
2550
2551
2552
2553
2554
2555
2556
2557
2558
2559
2560
2561
2562
2563
2564
2565
2566
2567
2568
2569
2570
2571
2572
2573
2574
2575
2576
2577
2578
2579
2580
2581
2582
2583
2584
2585
2586
2587
2588
2589
2590
2591
2592
2593
2594
2595
2596
2597
2598
2599
2600
2601
2602
2603
2604
2605
2606
2607
2608
2609
2610
2611
2612
2613
2614
2615
2616
2617
2618
2619
2620
2621
2622
2623
2624
2625
2626
2627
2628
2629
2630
2631
2632
2633
2634
2635
2636
2637
2638
2639
2640
2641
2642
2643
2644
2645
2646
2647
2648
2649
2650
2651
2652
2653
2654
2655
2656
2657
2658
2659
2660
2661
2662
2663
2664
2665
2666
2667
2668
2669
2670
2671
2672
2673
2674
2675
2676
2677
2678
2679
2680
2681
2682
2683
2684
2685
2686
2687
2688
2689
2690
2691
2692
2693
2694
2695
2696
2697
2698
2699
2700
2701
2702
2703
2704
2705
2706
2707
2708
2709
2710
2711
2712
2713
2714
2715
2716
2717
2718
2719
2720
2721
2722
2723
2724
2725
2726
2727
2728
2729
2730
2731
2732
2733
2734
2735
2736
2737
2738
2739
2740
2741
2742
2743
2744
2745
2746
2747
2748
2749
2750
2751
2752
2753
2754
2755
2756
2757
2758
2759
2760
2761
2762
2763
2764
2765
2766
2767
2768
2769
2770
2771
2772
2773
2774
2775
2776
2777
2778
2779
2780
2781
2782
2783
2784
2785
2786
2787
2788
2789
2790
2791
2792
2793
2794
2795
2796
2797
2798
2799
2800
2801
2802
2803
2804
2805
2806
2807
2808
2809
2810
2811
2812
2813
2814
2815
2816
2817
2818
2819
2820
2821
2822
2823
2824
2825
2826
2827
2828
2829
2830
2831
2832
2833
2834
2835
2836
2837
2838
2839
2840
2841
2842
2843
2844
2845
2846
2847
2848
2849
2850
2851
2852
2853
2854
2855
2856
2857
2858
2859
2860
2861
2862
2863
2864
2865
2866
2867
2868
2869
2870
2871
2872
2873
2874
2875
2876
2877
2878
2879
2880
2881
2882
2883
2884
2885
2886
2887
2888
2889
2890
2891
2892
2893
2894
2895
2896
2897
2898
2899
2900
2901
2902
2903
2904
2905
2906
2907
2908
2909
2910
2911
2912
2913
2914
2915
2916
2917
2918
2919
2920
2921
2922
2923
2924
2925
2926
2927
2928
2929
2930
2931
2932
2933
2934
2935
2936
2937
2938
2939
2940
2941
2942
2943
2944
2945
2946
2947
2948
2949
2950
2951
2952
2953
2954
2955
2956
2957
2958
2959
2960
2961
2962
2963
2964
2965
2966
2967
2968
2969
2970
2971
2972
2973
2974
2975
2976
2977
2978
2979
2980
2981
2982
2983
2984
2985
2986
2987
2988
2989
2990
2991
2992
2993
2994
2995
2996
2997
2998
2999
